[
  0,
  14.20199966430664,
  14.262999534606934,
  14.262999534606934,
  14.430999755859375,
  14.357000350952148,
  14.357000350952148,
  14.357000350952148,
  14.425000190734863,
  14.38700008392334,
  14.371000289916992,
  14.350000381469727,
  14.23900032043457,
  14.23900032043457,
  14.23900032043457,
  14.458999633789062,
  14.47700023651123,
  14.626999855041504,
  14.67199993133545,
  14.673999786376953,
  14.673999786376953,
  14.673999786376953,
  14.673999786376953,
  14.595000267028809,
  14.592000007629395,
  14.574000358581543,
  14.315999984741211,
  14.315999984741211,
  14.315999984741211,
  14.253000259399414,
  14.399999618530273,
  15.260000228881836,
  15.270000457763672,
  15.20300006866455,
  15.20300006866455,
  15.20300006866455,
  14.947999954223633,
  15.180999755859375,
  15.284000396728516,
  15.223999977111816,
  15.265999794006348,
  15.265999794006348,
  15.265999794006348,
  15.145000457763672,
  15.210000038146973,
  14.984000205993652,
  14.807000160217285,
  14.883999824523926,
  14.883999824523926,
  14.883999824523926,
  14.883999824523926,
  14.79699993133545,
  14.960000038146973,
  14.979999542236328,
  14.994999885559082,
  14.994999885559082,
  14.994999885559082,
  14.588000297546387,
  14.005000114440918,
  14.01200008392334,
  13.621999740600586,
  13.515999794006348,
  13.515999794006348,
  13.515999794006348,
  13.67199993133545,
  13.439000129699707,
  13.616999626159668,
  13.687999725341797,
  13.628000259399414,
  13.628000259399414,
  13.628000259399414,
  12.942999839782715,
  12.998000144958496,
  12.414999961853027,
  10.852999687194824,
  11.133000373840332,
  11.133000373840332,
  11.133000373840332,
  10.666000366210938,
  10.935999870300293,
  9.220000267028809,
  10.538000106811523,
  10.074000358581543,
  10.074000358581543,
  10.074000358581543,
  10.246999740600586,
  10.689000129699707,
  10.413000106811523,
  11.053999900817871,
  10.630999565124512,
  10.630999565124512,
  10.630999565124512,
  11.02400016784668,
  11.8100004196167,
  11.33899974822998,
  11.449000358581543,
  11.222999572753906,
  11.222999572753906,
  11.222999572753906,
  11.602999687194824,
  11.770999908447266,
  12.300000190734863,
  12.541999816894531,
  12.541999816894531,
  12.541999816894531,
  12.541999816894531,
  12.208999633789062,
  12.649999618530273,
  12.260000228881836,
  12.413000106811523,
  12.652999877929688,
  12.652999877929688,
  12.652999877929688,
  12.692000389099121,
  12.270999908447266,
  12.50100040435791,
  12.597999572753906,
  12.555000305175781,
  12.555000305175781,
  12.555000305175781,
  12.92300033569336,
  12.885000228881836,
  12.748000144958496,
  12.633000373840332,
  12.258999824523926,
  12.258999824523926,
  12.258999824523926,
  11.854999542236328,
  12.081000328063965,
  12.199999809265137,
  12.347999572753906,
  12.467000007629395,
  12.467000007629395,
  12.467000007629395,
  12.381999969482422,
  12.01099967956543,
  11.494999885559082,
  11.321000099182129,
  11.557999610900879,
  11.557999610900879,
  11.557999610900879,
  12.012999534606934,
  11.906000137329102,
  12.12399959564209,
  12.071999549865723,
  12.237000465393066,
  12.237000465393066,
  12.237000465393066,
  12.237000465393066,
  12.470999717712402,
  12.592000007629395,
  12.534000396728516,
  12.447999954223633,
  12.447999954223633,
  12.447999954223633,
  12.260000228881836,
  12.109000205993652,
  12.963000297546387,
  12.529999732971191,
  12.520999908447266,
  12.520999908447266,
  12.520999908447266,
  12.63599967956543,
  12.567999839782715,
  12.392000198364258,
  11.734000205993652,
  11.802000045776367,
  11.802000045776367,
  11.802000045776367,
  12.267000198364258,
  12.196000099182129,
  12.17300033569336,
  11.946000099182129,
  11.819000244140625,
  11.819000244140625,
  11.819000244140625,
  11.871000289916992,
  11.753999710083008,
  11.437999725341797,
  11.779000282287598,
  11.600000381469727,
  11.600000381469727,
  11.600000381469727,
  11.850000381469727,
  11.829000473022461,
  11.779999732971191,
  11.734999656677246,
  11.734999656677246,
  11.734999656677246,
  11.734999656677246,
  11.975000381469727,
  11.809000015258789,
  11.821999549865723,
  11.737000465393066,
  11.765999794006348,
  11.765999794006348,
  11.765999794006348,
  11.579000473022461,
  11.666000366210938,
  12.045000076293945,
  11.845999717712402,
  11.833999633789062,
  11.833999633789062,
  11.833999633789062,
  12.050999641418457,
  12.104000091552734,
  12.121000289916992,
  11.97599983215332,
  11.694999694824219,
  11.694999694824219,
  11.694999694824219,
  11.765999794006348,
  11.781000137329102,
  12.27400016784668,
  12.21500015258789,
  12.392000198364258,
  12.392000198364258,
  12.392000198364258,
  12.366000175476074,
  12.331999778747559,
  12.395000457763672,
  12.335000038146973,
  12.33899974822998,
  12.33899974822998,
  12.33899974822998,
  12.362000465393066,
  13.48900032043457,
  13.704000473022461,
  13.699999809265137,
  14.663000106811523,
  14.663000106811523,
  14.663000106811523,
  14.383999824523926,
  14.314000129699707,
  14.166999816894531,
  14.413999557495117,
  14.508000373840332,
  14.508000373840332,
  14.508000373840332,
  14.857999801635742,
  14.696000099182129,
  14.605999946594238,
  14.652000427246094,
  14.689000129699707,
  14.689000129699707,
  14.689000129699707,
  14.444000244140625,
  14.881999969482422,
  15,
  14.428000450134277,
  14.218999862670898,
  14.218999862670898,
  14.218999862670898,
  14.218999862670898,
  13.881999969482422,
  14.114999771118164,
  13.972000122070312,
  14.11299991607666,
  14.11299991607666,
  14.11299991607666,
  14.26200008392334,
  15.574999809265137,
  17.489999771118164,
  16.361000061035156,
  15.958999633789062,
  15.958999633789062,
  15.958999633789062,
  15.215999603271484,
  15.425000190734863,
  14.82800006866455,
  14.605999946594238,
  14.61299991607666,
  14.61299991607666,
  14.61299991607666,
  15.145999908447266,
  14.968999862670898,
  15.055999755859375,
  14.895999908447266,
  14.645999908447266,
  14.645999908447266,
  14.645999908447266,
  14.821000099182129,
  15.003999710083008,
  15.309000015258789,
  16.393999099731445,
  16.472999572753906,
  16.472999572753906,
  16.472999572753906,
  16.645999908447266,
  16.607999801635742,
  16.423999786376953,
  16.597000122070312,
  16.469999313354492,
  16.469999313354492,
  16.469999313354492,
  16.413999557495117,
  16.906999588012695,
  18.104999542236328,
  18.30500030517578,
  18.43000030517578,
  18.43000030517578,
  18.43000030517578,
  17.5,
  17.558000564575195,
  16.21500015258789,
  16.195999145507812,
  16.707000732421875,
  16.707000732421875,
  16.707000732421875,
  16.656999588012695,
  17.19499969482422,
  17.253000259399414,
  18.167999267578125,
  18.562000274658203,
  18.562000274658203,
  18.562000274658203,
  18.500999450683594,
  18.61400032043457,
  19.215999603271484,
  18.694000244140625,
  19.226999282836914,
  19.226999282836914,
  19.226999282836914,
  20.39299964904785,
  20.81999969482422,
  21.29599952697754,
  21.711000442504883,
  22.211000442504883,
  22.211000442504883,
  22.211000442504883,
  22.076000213623047,
  24.722999572753906,
  27.027000427246094,
  27.027000427246094,
  27.125999450683594,
  27.125999450683594,
  27.125999450683594,
  34.277000427246094,
  32.400001525878906,
  32.13199996948242,
  33.15999984741211,
  32.79999923706055,
  32.79999923706055,
  32.79999923706055,
  33.62200164794922,
  28.94499969482422,
  28.621000289916992,
  29.033000946044922,
  28.591999053955078,
  28.591999053955078,
  28.591999053955078,
  27.952999114990234,
  28.57900047302246,
  29.91200065612793,
  29.780000686645508,
  30.1200008392334,
  30.1200008392334,
  30.1200008392334,
  31.760000228881836,
  33.150001525878906,
  33.71799850463867,
  32.26100158691406,
  32.26100158691406,
  32.26100158691406,
  32.26100158691406,
  37,
  36.606998443603516,
  38.99700164794922,
  38.85499954223633,
  38.85499954223633,
  38.85499954223633,
  38.85499954223633,
  42.52199935913086,
  42.862998962402344,
  48.05500030517578,
  53.57500076293945,
  53.16400146484375,
  53.16400146484375,
  53.16400146484375,
  49.54899978637695,
  51.42399978637695,
  51.92599868774414,
  63.099998474121094,
  57.80699920654297,
  57.80699920654297,
  57.80699920654297,
  57.80699920654297,
  59.22100067138672,
  55.082000732421875,
  52.04600143432617,
  57.702999114990234,
  57.702999114990234,
  57.702999114990234,
  57.141998291015625,
  55.98099899291992,
  54.0099983215332,
  57.8380012512207,
  61.73099899291992,
  61.73099899291992,
  61.73099899291992,
  63.45600128173828,
  68.79199981689453,
  74.11900329589844,
  76.55899810791016,
  80.5999984741211,
  80.5999984741211,
  80.5999984741211,
  104.0999984741211,
  127.29399871826172,
  97.447998046875,
  100.99400329589844,
  103.43099975585938,
  103.43099975585938,
  103.43099975585938,
  103.43099975585938,
  95.5,
  94.18000030517578,
  92.77799987792969,
  96.37200164794922,
  96.37200164794922,
  96.37200164794922,
  87.5999984741211,
  69.12300109863281,
  81.76899719238281,
  73.16100311279297,
  75.04100036621094,
  75.04100036621094,
  75.04100036621094,
  78.24400329589844,
  74.8499984741211,
  73.15699768066406,
  64.56600189208984,
  62.02399826049805,
  62.02399826049805,
  62.02399826049805,
  62.41899871826172,
  71.5989990234375,
  75.65499877929688,
  80.375,
  78.4000015258789,
  78.4000015258789,
  78.4000015258789,
  76.9010009765625,
  72.42900085449219,
  77.0989990234375,
  73.20500183105469,
  77.7040023803711,
  77.7040023803711,
  77.7040023803711,
  72.45600128173828,
  67.72100067138672,
  62.15700149536133,
  62.090999603271484,
  62.400001525878906,
  62.400001525878906,
  62.400001525878906,
  63.13399887084961,
  65.39800262451172,
  67.87999725341797,
  70.35600280761719,
  70.35600280761719,
  70.35600280761719,
  70.35600280761719,
  72.05500030517578,
  70.45800018310547,
  65.62000274658203,
  69.01200103759766,
  71.0999984741211,
  71.0999984741211,
  71.0999984741211,
  71.8239974975586,
  84.85399627685547,
  73.55000305175781,
  74.01499938964844,
  69.36199951171875,
  69.36199951171875,
  69.36199951171875,
  63.75199890136719,
  64.6449966430664,
  65.0459976196289,
  59.81999969482422,
  61.30400085449219,
  61.30400085449219,
  61.30400085449219,
  65.88200378417969,
  67.6989974975586,
  68.08200073242188,
  65.5009994506836,
  65.71600341796875,
  65.71600341796875,
  65.71600341796875,
  63.5620002746582,
  61.6879997253418,
  62.345001220703125,
  60.90800094604492,
  62.04600143432617,
  62.04600143432617,
  62.04600143432617,
  56.94599914550781,
  57.69599914550781,
  54.1879997253418,
  48.80799865722656,
  52.13100051879883,
  52.13100051879883,
  52.13100051879883,
  48.935001373291016,
  48.720001220703125,
  45.486000061035156,
  47.26599884033203,
  45.051998138427734,
  45.051998138427734,
  45.051998138427734,
  47.244998931884766,
  46.96699905395508,
  48.27899932861328,
  49.3849983215332,
  47,
  47,
  47,
  47,
  47.7760009765625,
  49.849998474121094,
  48.86399841308594,
  48.46699905395508,
  48.46699905395508,
  48.46699905395508,
  46.98099899291992,
  45.9379997253418,
  51.29899978637695,
  50.8650016784668,
  51.64400100708008,
  51.64400100708008,
  51.64400100708008,
  59.8489990234375,
  63.05400085449219,
  61.981998443603516,
  63.08100128173828,
  64.64600372314453,
  64.64600372314453,
  64.64600372314453,
  58.367000579833984,
  55.37200164794922,
  55.29999923706055,
  58.1879997253418,
  55.005001068115234,
  55.005001068115234,
  55.005001068115234,
  62.41699981689453,
  66.89900207519531,
  66.44999694824219,
  65.08599853515625,
  63.56100082397461,
  63.56100082397461,
  63.56100082397461,
  63.56100082397461,
  63.42900085449219,
  63.986000061035156,
  61.84400177001953,
  62.86600112915039,
  62.86600112915039,
  62.86600112915039,
  58.86899948120117,
  57.987998962402344,
  56.042999267578125,
  54.104000091552734,
  52.308998107910156,
  52.308998107910156,
  52.308998107910156,
  49.87200164794922,
  50.178001403808594,
  55.694000244140625,
  55.59400177001953,
  53.97100067138672,
  53.97100067138672,
  53.97100067138672,
  68.25,
  63.06100082397461,
  64.66500091552734,
  62.500999450683594,
  62.60100173950195,
  62.60100173950195,
  62.60100173950195,
  63.77899932861328,
  62.50600051879883,
  67.09300231933594,
  71.56199645996094,
  74.87200164794922,
  74.87200164794922,
  74.87200164794922,
  76.77300262451172,
  75.04900360107422,
  74.7490005493164,
  72.0989990234375,
  72.80000305175781,
  72.80000305175781,
  72.80000305175781,
  69.7509994506836,
  66.36900329589844,
  65.50499725341797,
  67.6259994506836,
  71.65599822998047,
  71.65599822998047,
  71.65599822998047,
  71.85099792480469,
  71.55000305175781,
  72.6709976196289,
  69.36599731445312,
  70.72000122070312,
  70.72000122070312,
  70.72000122070312,
  70.29900360107422,
  69.43000030517578,
  70.25,
  69.57099914550781,
  71.22599792480469,
  71.22599792480469,
  71.22599792480469,
  71.22599792480469,
  64.8010025024414,
  63.86199951171875,
  64.06199645996094,
  61.55699920654297,
  61.55699920654297,
  61.55699920654297,
  64.2699966430664,
  61.847999572753906,
  63.29999923706055,
  63.29999923706055,
  61.42900085449219,
  61.42900085449219,
  61.42900085449219,
  58.8390007019043,
  58.10200119018555,
  59.96099853515625,
  61.65700149536133,
  59.93899917602539,
  59.93899917602539,
  59.93899917602539,
  59.474998474121094,
  57.35100173950195,
  56.63199996948242,
  57.84000015258789,
  61.24599838256836,
  61.24599838256836,
  61.24599838256836,
  60.724998474121094,
  65.10099792480469,
  67.38099670410156,
  69.27899932861328,
  70.88200378417969,
  70.88200378417969,
  70.88200378417969,
  73.18000030517578,
  71.06500244140625,
  72.62999725341797,
  72.3949966430664,
  74.98500061035156,
  74.98500061035156,
  74.98500061035156,
  73.96399688720703,
  72.7249984741211,
  75.81800079345703,
  73.54299926757812,
  71.85199737548828,
  71.85199737548828,
  71.85199737548828,
  74.60199737548828,
  73.48600006103516,
  71.50199890136719,
  71.71299743652344,
  71.50599670410156,
  71.50599670410156,
  71.50599670410156,
  73.61199951171875,
  79.41400146484375,
  81.0250015258789,
  80,
  79.7509994506836,
  79.7509994506836,
  79.7509994506836,
  86,
  85.9010009765625,
  81.63400268554688,
  81.83599853515625,
  81.1729965209961,
  81.1729965209961,
  81.1729965209961,
  79.5,
  75.2020034790039,
  75.30000305175781,
  72.73600006103516,
  71.83100128173828,
  71.83100128173828,
  71.83100128173828,
  69.00199890136719,
  69.677001953125,
  70.08999633789062,
  70.08999633789062,
  66.30000305175781,
  66.30000305175781,
  66.30000305175781,
  69.5479965209961,
  72.14299774169922,
  70.5469970703125,
  68.33599853515625,
  63.0989990234375,
  63.0989990234375,
  63.0989990234375,
  59.64699935913086,
  62.81700134277344,
  63.65399932861328,
  59.1879997253418,
  60.08399963378906,
  60.08399963378906,
  60.08399963378906,
  57.16400146484375,
  58.03799819946289,
  59.85900115966797,
  56.694000244140625,
  57.15800094604492,
  57.15800094604492,
  57.15800094604492,
  54.638999938964844,
  56.75,
  56.999000549316406,
  59.72100067138672,
  59.72100067138672,
  59.72100067138672,
  59.72100067138672,
  60.827999114990234,
  56.797000885009766,
  55.60900115966797,
  56.23400115966797,
  54.44900131225586,
  54.44900131225586,
  54.44900131225586,
  55.82600021362305,
  55.106998443603516,
  50.90999984741211,
  49.86199951171875,
  48.29499816894531,
  48.29499816894531,
  48.29499816894531,
  48.19499969482422,
  50.65599822998047,
  51.4640007019043,
  48.95899963378906,
  49.95600128173828,
  49.95600128173828,
  49.95600128173828,
  49.95600128173828,
  46.827999114990234,
  46.04199981689453,
  45.75299835205078,
  37.5890007019043,
  37.5890007019043,
  37.5890007019043,
  37.04499816894531,
  36.505001068115234,
  35.3650016784668,
  31.94499969482422,
  33.89500045776367,
  33.89500045776367,
  33.89500045776367,
  36.80099868774414,
  37.29999923706055,
  34.88399887084961,
  34.00899887084961,
  39.16400146484375,
  39.16400146484375,
  39.16400146484375,
  41.34700012207031,
  42.542999267578125,
  44.65999984741211,
  43.14799880981445,
  41.10100173950195,
  41.10100173950195,
  41.10100173950195,
  40.94900131225586,
  43.7239990234375,
  43.49800109863281,
  40.459999084472656,
  39.59700012207031,
  39.59700012207031,
  39.59700012207031,
  39.59700012207031,
  37.77000045776367,
  36.50299835205078,
  39.69599914550781,
  40.5,
  40.5,
  40.5,
  44.29999923706055,
  46.472999572753906,
  45.92900085449219,
  42.869998931884766,
  41.0359992980957,
  41.0359992980957,
  41.0359992980957,
  38.89099884033203,
  41.0359992980957,
  43.67499923706055,
  42.112998962402344,
  39.082000732421875,
  39.082000732421875,
  39.082000732421875,
  36.99300003051758,
  39.61399841308594,
  42.87799835205078,
  43.409000396728516,
  45.428001403808594,
  45.428001403808594,
  45.428001403808594,
  43.64799880981445,
  45.994998931884766,
  45.069000244140625,
  48.391998291015625,
  47.242000579833984,
  47.242000579833984,
  47.242000579833984,
  51,
  52,
  50.069000244140625,
  48.63199996948242,
  49.097999572753906,
  49.097999572753906,
  49.097999572753906,
  50.125999450683594,
  48.72800064086914,
  45.51100158691406,
  46.361000061035156,
  45.32400131225586,
  45.32400131225586,
  45.32400131225586,
  43.638999938964844,
  44.345001220703125,
  46.358001708984375,
  44.91899871826172,
  44.91899871826172,
  44.91899871826172,
  44.91899871826172,
  44.5890007019043,
  47.11399841308594,
  44.90299987792969,
  42.7859992980957,
  40.90800094604492,
  40.90800094604492,
  40.90800094604492,
  42.79999923706055,
  39.10100173950195,
  38.577999114990234,
  40.04899978637695,
  35.41699981689453,
  35.41699981689453,
  35.41699981689453,
  36.590999603271484,
  34.34000015258789,
  36.64400100708008,
  31.45199966430664,
  29.423999786376953,
  29.423999786376953,
  29.423999786376953,
  21.905000686645508,
  22.552000045776367,
  16.81999969482422,
  17.118000030517578,
  20.457000732421875,
  20.457000732421875,
  20.457000732421875,
  20.150999069213867,
  22.48699951171875,
  19.743999481201172,
  21.07699966430664,
  20.274999618530273,
  20.274999618530273,
  20.274999618530273,
  20.437000274658203,
  19.301000595092773,
  19.812000274658203,
  21.610000610351562,
  21.93899917602539,
  21.93899917602539,
  21.93899917602539,
  21.93899917602539,
  26.4689998626709,
  23.81399917602539,
  24.445999145507812,
  22.722000122070312,
  22.722000122070312,
  22.722000122070312,
  23.54400062561035,
  24,
  23.288999557495117,
  21.775999069213867,
  20.336000442504883,
  20.336000442504883,
  20.336000442504883,
  15.21500015258789,
  15.687000274658203,
  17.134000778198242,
  16.134000778198242,
  16.760000228881836,
  16.760000228881836,
  16.760000228881836,
  16.760000228881836,
  17.895999908447266,
  17.090999603271484,
  18.83099937438965,
  20.54400062561035,
  20.54400062561035,
  20.54400062561035,
  19.67300033569336,
  18.61199951171875,
  17.9689998626709,
  16.43000030517578,
  16.677000045776367,
  16.677000045776367,
  16.677000045776367,
  16.677000045776367,
  18.76799964904785,
  18.829999923706055,
  21.951000213623047,
  22.128000259399414,
  22.128000259399414,
  22.128000259399414,
  20.09000015258789,
  19.25200080871582,
  19.55500030517578,
  20.458999633789062,
  21.398000717163086,
  21.398000717163086,
  21.398000717163086,
  22.562999725341797,
  26.716999053955078,
  28.87700080871582,
  28.97100067138672,
  28.191999435424805,
  28.191999435424805,
  28.191999435424805,
  26.586000442504883,
  23.763999938964844,
  26.239999771118164,
  27.57200050354004,
  28.606000900268555,
  28.606000900268555,
  28.606000900268555,
  27.573999404907227,
  27.826000213623047,
  31.368000030517578,
  30.930999755859375,
  31.915000915527344,
  31.915000915527344,
  31.915000915527344,
  33.000999450683594,
  31.937999725341797,
  33.58000183105469,
  33.69900131225586,
  35.284000396728516,
  35.284000396728516,
  35.284000396728516,
  34.90800094604492,
  34.263999938964844,
  32.52000045776367,
  32.4379997253418,
  28.299999237060547,
  28.299999237060547,
  28.299999237060547,
  26.80900001525879,
  26.579999923706055,
  27.44099998474121,
  27.2810001373291,
  24.920000076293945,
  24.920000076293945,
  24.920000076293945,
  24.496000289916992,
  24.023000717163086,
  23.1560001373291,
  22.091999053955078,
  21.805999755859375,
  21.805999755859375,
  21.805999755859375,
  21.805999755859375,
  20.424999237060547,
  21.861000061035156,
  23.450000762939453,
  26.19700050354004,
  26.19700050354004,
  26.19700050354004,
  26.29800033569336,
  23.125,
  22.599000930786133,
  21.694000244140625,
  20.634000778198242,
  20.634000778198242,
  20.634000778198242,
  20.6200008392334,
  19.65999984741211,
  19.591999053955078,
  19.23200035095215,
  19.145000457763672,
  19.145000457763672,
  19.145000457763672,
  20.01799964904785,
  20.60700035095215,
  22.047000885009766,
  21.18199920654297,
  21.22599983215332,
  21.22599983215332,
  21.22599983215332,
  22.45199966430664,
  24.874000549316406,
  24.2189998626709,
  24.16699981689453,
  22.030000686645508,
  22.030000686645508,
  22.030000686645508,
  22.065000534057617,
  21.636999130249023,
  21.83799934387207,
  22.054000854492188,
  20.930999755859375,
  20.930999755859375,
  20.930999755859375,
  22.113000869750977,
  23.5,
  22.607999801635742,
  22.10099983215332,
  23.261999130249023,
  23.261999130249023,
  23.261999130249023,
  23.760000228881836,
  26.868999481201172,
  27.27199935913086,
  27.055999755859375,
  27.999000549316406,
  27.999000549316406,
  27.999000549316406,
  26.750999450683594,
  25.719999313354492,
  24.822999954223633,
  24.8439998626709,
  27.709999084472656,
  27.709999084472656,
  27.709999084472656,
  26.663999557495117,
  21.18400001525879,
  17.035999298095703,
  17.5,
  17.51799964904785,
  17.51799964904785,
  17.51799964904785,
  16.59000015258789,
  17.152999877929688,
  16.944000244140625,
  17.38800048828125,
  17.011999130249023,
  17.011999130249023,
  17.011999130249023,
  15.722000122070312,
  16.70800018310547,
  17.638999938964844,
  17.638999938964844,
  18.299999237060547,
  18.299999237060547,
  18.299999237060547,
  17.66699981689453,
  18.200000762939453,
  19.80900001525879,
  19.898000717163086,
  20.694000244140625,
  20.694000244140625,
  20.694000244140625,
  19.566999435424805,
  19.552000045776367,
  19.349000930786133,
  20.256999969482422,
  20.325000762939453,
  20.325000762939453,
  20.325000762939453,
  19.615999221801758,
  20.180999755859375,
  20.273000717163086,
  18.799999237060547,
  17.375,
  17.375,
  17.375,
  17.020999908447266,
  16.885000228881836,
  16.881999969482422,
  16.62299919128418,
  16.267000198364258,
  16.267000198364258,
  16.267000198364258,
  16.267000198364258,
  14.77400016784668,
  13.809000015258789,
  13.663000106811523,
  14.156999588012695,
  14.156999588012695,
  14.156999588012695,
  14.156999588012695,
  14.501999855041504,
  16.506000518798828,
  15.656000137329102,
  16.045000076293945,
  16.045000076293945,
  16.045000076293945,
  17.500999450683594,
  19,
  19.47599983215332,
  21.017000198364258,
  21.69700050354004,
  21.69700050354004,
  21.69700050354004,
  21.69700050354004,
  23.591999053955078,
  22.118999481201172,
  22.145000457763672,
  24.003000259399414,
  24.003000259399414,
  24.003000259399414,
  25.02199935913086,
  24.75,
  24.583999633789062,
  24.531999588012695,
  25.836000442504883,
  25.836000442504883,
  25.836000442504883,
  24.569000244140625,
  25.17300033569336,
  26.79199981689453,
  29.21299934387207,
  28.47599983215332,
  28.47599983215332,
  28.47599983215332,
  28.204999923706055,
  28.386999130249023,
  27.59600067138672,
  24.90399932861328,
  24.336999893188477,
  24.336999893188477,
  24.336999893188477,
  24.924999237060547,
  27.11400032043457,
  29.84000015258789,
  28.402999877929688,
  29.405000686645508,
  29.405000686645508,
  29.405000686645508,
  29.405000686645508,
  26.992000579833984,
  26.857999801635742,
  26.575000762939453,
  25.579999923706055,
  25.579999923706055,
  25.579999923706055,
  25.864999771118164,
  26.226999282836914,
  25.791000366210938,
  25.288999557495117,
  24.69099998474121,
  24.69099998474121,
  24.69099998474121,
  23.7450008392334,
  23.143999099731445,
  23.27199935913086,
  21.082000732421875,
  19.201000213623047,
  19.201000213623047,
  19.201000213623047,
  22.31599998474121,
  22.94700050354004,
  22.7549991607666,
  24.107999801635742,
  26.766000747680664,
  26.766000747680664,
  26.766000747680664,
  26.395999908447266,
  27.33799934387207,
  24.68600082397461,
  26.33300018310547,
  25.66699981689453,
  25.66699981689453,
  25.66699981689453,
  23.895999908447266,
  24.826000213623047,
  28.402999877929688,
  27.92300033569336,
  29.23200035095215,
  29.23200035095215,
  29.23200035095215,
  29.73900032043457,
  29.898000717163086,
  29.083999633789062,
  29.010000228881836,
  29.010000228881836,
  29.010000228881836,
  29.010000228881836,
  31.277999877929688,
  33.23500061035156,
  32.28300094604492,
  34.071998596191406,
  33.375,
  33.375,
  33.375,
  31.30299949645996,
  32.98500061035156,
  31.472000122070312,
  29.47100067138672,
  29.101999282836914,
  29.101999282836914,
  29.101999282836914,
  28.533000946044922,
  29.090999603271484,
  29.945999145507812,
  31.86400032043457,
  32.8380012512207,
  32.8380012512207,
  32.8380012512207,
  30.746999740600586,
  32.80099868774414,
  30.424999237060547,
  31.224000930786133,
  32.672000885009766,
  32.672000885009766,
  32.672000885009766,
  29.466999053955078,
  30.343000411987305,
  31.51099967956543,
  28.73699951171875,
  27.100000381469727,
  27.100000381469727,
  27.100000381469727,
  28.25,
  27.3439998626709,
  29.05699920654297,
  28.757999420166016,
  28.827999114990234,
  28.827999114990234,
  28.827999114990234,
  29.41200065612793,
  28.933000564575195,
  28.44300079345703,
  28.099000930786133,
  28.510000228881836,
  28.510000228881836,
  28.510000228881836,
  28.510000228881836,
  29.927000045776367,
  30.163000106811523,
  29.993999481201172,
  30.21299934387207,
  30.21299934387207,
  30.21299934387207,
  27.63599967956543,
  29.881999969482422,
  29.08099937438965,
  29.093000411987305,
  28.232999801635742,
  28.232999801635742,
  28.232999801635742,
  27.770000457763672,
  28.381999969482422,
  28.288000106811523,
  27.79199981689453,
  29.339000701904297,
  29.339000701904297,
  29.339000701904297,
  29.339000701904297,
  31.34000015258789,
  33.13100051879883,
  32.722999572753906,
  32.9109992980957,
  32.9109992980957,
  32.9109992980957,
  30.573999404907227,
  32.487998962402344,
  32.56100082397461,
  34.0260009765625,
  34.242000579833984,
  34.242000579833984,
  34.242000579833984,
  37.784000396728516,
  37.784000396728516,
  37.81100082397461,
  37.654998779296875,
  38.07400131225586,
  38.07400131225586,
  38.07400131225586,
  40.770999908447266,
  41.22999954223633,
  41.3489990234375,
  46.18299865722656,
  45.88600158691406,
  45.88600158691406,
  45.88600158691406,
  44.987998962402344,
  44.58000183105469,
  45.310001373291016,
  44.08300018310547,
  43.665000915527344,
  43.665000915527344,
  43.665000915527344,
  43.09400177001953,
  43.68199920654297,
  44.34600067138672,
  42.6150016784668,
  43.46099853515625,
  43.46099853515625,
  43.46099853515625,
  43.78799819946289,
  43.49800109863281,
  40.733001708984375,
  38.99100112915039,
  37.696998596191406,
  37.696998596191406,
  37.696998596191406,
  37.082000732421875,
  38.948001861572266,
  37.784000396728516,
  37.80099868774414,
  38.430999755859375,
  38.430999755859375,
  38.430999755859375,
  38.882999420166016,
  37.6150016784668,
  36.96699905395508,
  34.67900085449219,
  32.86199951171875,
  32.86199951171875,
  32.86199951171875,
  33.525001525878906,
  32.95100021362305,
  34.63999938964844,
  33.65599822998047,
  33.60499954223633,
  33.60499954223633,
  33.60499954223633,
  34.4370002746582,
  38.152000427246094,
  37.167999267578125,
  35.75299835205078,
  35.14799880981445,
  35.14799880981445,
  35.14799880981445,
  35.14799880981445,
  34.92499923706055,
  35.06999969482422,
  35.30699920654297,
  35.62799835205078,
  35.62799835205078,
  35.62799835205078,
  34.268001556396484,
  34.7760009765625,
  34.183998107910156,
  34.63999938964844,
  34.077999114990234,
  34.077999114990234,
  34.077999114990234,
  34.0620002746582,
  33.92599868774414,
  33.34700012207031,
  32.60599899291992,
  32.28099822998047,
  32.28099822998047,
  32.28099822998047,
  32.7599983215332,
  31.729999542236328,
  31.562999725341797,
  32.891998291015625,
  32.827999114990234,
  32.827999114990234,
  32.827999114990234,
  32.94900131225586,
  31.132999420166016,
  32.040000915527344,
  32.34199905395508,
  34.0629997253418,
  34.0629997253418,
  34.0629997253418,
  34.04499816894531,
  34.04600143432617,
  33.46099853515625,
  32.36000061035156,
  31.82200050354004,
  31.82200050354004,
  31.82200050354004,
  32.58000183105469,
  33.54100036621094,
  32.91400146484375,
  34.23500061035156,
  34.80400085449219,
  34.80400085449219,
  34.80400085449219,
  37.749000549316406,
  42.48699951171875,
  43.321998596191406,
  41.345001220703125,
  40.67599868774414,
  40.67599868774414,
  40.67599868774414,
  42.02199935913086,
  42.3390007019043,
  42.66699981689453,
  45.362998962402344,
  45.39500045776367,
  45.39500045776367,
  45.39500045776367,
  45.9630012512207,
  47.35499954223633,
  47.45000076293945,
  49.40700149536133,
  50.917999267578125,
  50.917999267578125,
  50.917999267578125,
  50.487998962402344,
  48,
  50.595001220703125,
  48.90800094604492,
  48.62200164794922,
  48.62200164794922,
  48.62200164794922,
  50.85300064086914,
  49.30400085449219,
  50.78799819946289,
  50.78799819946289,
  52.02399826049805,
  52.02399826049805,
  52.02399826049805,
  49.53799819946289,
  50.58700180053711,
  50.709999084472656,
  49.83000183105469,
  52.768001556396484,
  52.768001556396484,
  52.768001556396484,
  56.321998596191406,
  57.75,
  56.888999938964844,
  57.10900115966797,
  59.93899917602539,
  59.93899917602539,
  59.93899917602539,
  55.58000183105469,
  55.832000732421875,
  58.599998474121094,
  58.23699951171875,
  57.04100036621094,
  57.04100036621094,
  57.04100036621094,
  57.189998626708984,
  57.130001068115234,
  57.34700012207031,
  58.19499969482422,
  61.92399978637695,
  61.92399978637695,
  61.92399978637695,
  61.92399978637695,
  60.388999938964844,
  67.07099914550781,
  66.78800201416016,
  63.1619987487793,
  63.1619987487793,
  63.1619987487793,
  63.1619987487793,
  68.51499938964844,
  63.10599899291992,
  65.58100128173828,
  63.108001708984375,
  63.108001708984375,
  63.108001708984375,
  59.80099868774414,
  57.729000091552734,
  56.56700134277344,
  53.61800003051758,
  48.553001403808594,
  48.553001403808594,
  48.553001403808594,
  48.553001403808594,
  48.2140007019043,
  49.900001525878906,
  48.65999984741211,
  48.099998474121094,
  48.099998474121094,
  48.099998474121094,
  47.01900100708008,
  45.01900100708008,
  45.0989990234375,
  45.77799987792969,
  49.45000076293945,
  49.45000076293945,
  49.45000076293945,
  51.38100051879883,
  51.95100021362305,
  50.12099838256836,
  50.347999572753906,
  50.0099983215332,
  50.0099983215332,
  50.0099983215332,
  49.060001373291016,
  49.79999923706055,
  50.80099868774414,
  58.78099822998047,
  64.63200378417969,
  64.63200378417969,
  64.63200378417969,
  71.75199890136719,
  68.60199737548828,
  76.98799896240234,
  71.80000305175781,
  69.95600128173828,
  69.95600128173828,
  69.95600128173828,
  69.95600128173828,
  70.49800109863281,
  67.27999877929688,
  71.31500244140625,
  68.74400329589844,
  68.74400329589844,
  68.74400329589844,
  79.64800262451172,
  87.18000030517578,
  96.29499816894531,
  102.28399658203125,
  107.93900299072266,
  107.93900299072266,
  107.93900299072266,
  133.4010009765625,
  105.10099792480469,
  124.62100219726562,
  130.0019989013672,
  142.5590057373047,
  142.5590057373047,
  142.5590057373047,
  148.42300415039062,
  159.3350067138672,
  176.61500549316406,
  167.68499755859375,
  178.23599243164062,
  178.23599243164062,
  178.23599243164062,
  150.2760009765625,
  141.75,
  154.65199279785156,
  159.9290008544922,
  152.3000030517578,
  152.3000030517578,
  152.3000030517578,
  185.60000610351562,
  187.69900512695312,
  191.91600036621094,
  170.45599365234375,
  170.45599365234375,
  170.45599365234375,
  170.45599365234375,
  163.6739959716797,
  157.88299560546875,
  160.61099243164062,
  161.54200744628906,
  143.89999389648438,
  143.89999389648438,
  143.89999389648438,
  151.2989959716797,
  144.1020050048828,
  156.60000610351562,
  155.18099975585938,
  147.95799255371094,
  147.95799255371094,
  147.95799255371094,
  133.58799743652344,
  125.40299987792969,
  118.80500030517578,
  120.81600189208984,
  117.41100311279297,
  117.41100311279297,
  117.41100311279297,
  132.4010009765625,
  133.86399841308594,
  126.56700134277344,
  124.04100036621094,
  128.23800659179688,
  128.23800659179688,
  128.23800659179688,
  129.2969970703125,
  106.50299835205078,
  102.8270034790039,
  112.94200134277344,
  122.3010025024414,
  122.3010025024414,
  122.3010025024414,
  126.88099670410156,
  125.74500274658203,
  123.31199645996094,
  126.36399841308594,
  118.0479965209961,
  118.0479965209961,
  118.0479965209961,
  124.59600067138672,
  129.76300048828125,
  150.3470001220703,
  143.9980010986328,
  158.4499969482422,
  158.4499969482422,
  158.4499969482422,
  172.7239990234375,
  165.54200744628906,
  164.6999969482422,
  154.40699768066406,
  168.48399353027344,
  168.48399353027344,
  168.48399353027344,
  168.48399353027344,
  167.53500366210938,
  161.8699951171875,
  154.10000610351562,
  152.44900512695312,
  152.44900512695312,
  152.44900512695312,
  162.74099731445312,
  163.8769989013672,
  169.468994140625,
  165.66299438476562,
  159.6199951171875,
  159.6199951171875,
  159.6199951171875,
  159.99200439453125,
  155.5489959716797,
  160.36700439453125,
  148.38800048828125,
  149.5540008544922,
  149.5540008544922,
  149.5540008544922,
  150.7259979248047,
  146.9429931640625,
  146.9429931640625,
  146.5399932861328,
  148.37600708007812,
  148.37600708007812,
  148.37600708007812,
  137.21499633789062,
  149.57400512695312,
  145.7729949951172,
  152.5399932861328,
  137.7480010986328,
  137.7480010986328,
  137.7480010986328,
  136.5970001220703,
  132.0189971923828,
  130.20899963378906,
  130.20899963378906,
  128.1719970703125,
  128.1719970703125,
  128.1719970703125,
  129.05799865722656,
  130.177001953125,
  130.57200622558594,
  135.8560028076172,
  139.67599487304688,
  139.67599487304688,
  139.67599487304688,
  161.1280059814453,
  166.42999267578125,
  159,
  155.51600646972656,
  177.85000610351562,
  177.85000610351562,
  177.85000610351562,
  180.00900268554688,
  172.177001953125,
  167.2689971923828,
  160.64700317382812,
  175.27099609375,
  175.27099609375,
  175.27099609375,
  168.48500061035156,
  160.40699768066406,
  161.44400024414062,
  151.18099975585938,
  144.7989959716797,
  144.7989959716797,
  144.7989959716797,
  130.89999389648438,
  136.92100524902344,
  124.68499755859375,
  135.99000549316406,
  135.3699951171875,
  135.3699951171875,
  135.3699951171875,
  131.4600067138672,
  135.3800048828125,
  130.3699951171875,
  131.92999267578125,
  133.0399932861328,
  133.0399932861328,
  133.0399932861328,
  135.35000610351562,
  133.69000244140625,
  141.4199981689453,
  133.80999755859375,
  150.00999450683594,
  150.00999450683594,
  150.00999450683594,
  146.89999389648438,
  140.00999450683594,
  132.08999633789062,
  132.55999755859375,
  132.4199981689453,
  132.4199981689453,
  132.4199981689453,
  132.4199981689453,
  122.31999969482422,
  124.8499984741211,
  119.56999969482422,
  114.30000305175781,
  114.30000305175781,
  114.30000305175781,
  124.81999969482422,
  129.63999938964844,
  129.27999877929688,
  130.77000427246094,
  141.47000122070312,
  141.47000122070312,
  141.47000122070312,
  134.52999877929688,
  131.27000427246094,
  132.6699981689453,
  144.66000366210938,
  144.77999877929688,
  144.77999877929688,
  144.77999877929688,
  149.97000122070312,
  153.8800048828125,
  151.94000244140625,
  165.97999572753906,
  176.22000122070312,
  176.22000122070312,
  176.22000122070312,
  168.60000610351562,
  162.69000244140625,
  164.63999938964844,
  163.41000366210938,
  176.50999450683594,
  176.50999450683594,
  176.50999450683594,
  186.08999633789062,
  192.1999969482422,
  188.91000366210938,
  183.33999633789062,
  212.58999633789062,
  212.58999633789062,
  212.58999633789062,
  201.6699981689453,
  194.30999755859375,
  194.08999633789062,
  193.4199981689453,
  215.86000061035156,
  215.86000061035156,
  215.86000061035156,
  219.0500030517578,
  219.6999969482422,
  213.9499969482422,
  235.88999938964844,
  234.33999633789062,
  234.33999633789062,
  234.33999633789062,
  255.33999633789062,
  258.239990234375,
  247.30999755859375,
  244.5,
  229.7100067138672,
  229.7100067138672,
  229.7100067138672,
  222.99000549316406,
  227.8000030517578,
  257.80999755859375,
  270.80999755859375,
  270.4200134277344,
  270.4200134277344,
  270.4200134277344,
  340,
  356.5899963378906,
  328.3800048828125,
  327.6700134277344,
  340.6499938964844,
  340.6499938964844,
  340.6499938964844,
  384.7900085449219,
  430.5400085449219,
  473.8299865722656,
  397.2799987792969,
  421.8800048828125,
  421.8800048828125,
  421.8800048828125,
  403.45001220703125,
  353.69000244140625,
  388.8399963378906,
  388.8399963378906,
  387.4700012207031,
  387.4700012207031,
  387.4700012207031,
  380.29998779296875,
  373.42999267578125,
  406,
  386.3999938964844,
  395.010009765625,
  395.010009765625,
  395.010009765625,
  365.3399963378906,
  377.32000732421875,
  411.3999938964844,
  392.19000244140625,
  408.6700134277344,
  408.6700134277344,
  408.6700134277344,
  408.5,
  386.4200134277344,
  349.6400146484375,
  326.4599914550781,
  364.20001220703125,
  364.20001220703125,
  364.20001220703125,
  332.2300109863281,
  358.17999267578125,
  358.17999267578125,
  341.04998779296875,
  330,
  330,
  330
]