[
  0,
  0.19473480286359438,
  0.19827348305778703,
  0.19827348305778703,
  0.2065859464291219,
  0.19546938806426373,
  0.19546938806426373,
  0.19546938806426373,
  0.18566859485260248,
  0.1762315311416331,
  0.17786193476481937,
  0.1821280688421995,
  0.17435750713313994,
  0.17435750713313994,
  0.17435750713313994,
  0.17753750754677503,
  0.16399395331720398,
  0.1660835927561095,
  0.16818385627485893,
  0.16434020826372434,
  0.16434020826372434,
  0.16434020826372434,
  0.16434020826372434,
  0.1668783017549473,
  0.16809363533157645,
  0.17336552989017426,
  0.16951170322324205,
  0.16951170322324205,
  0.16951170322324205,
  0.15996957650881144,
  0.15386933137311395,
  0.16379313572425777,
  0.16058482947988484,
  0.16258972712641498,
  0.16258972712641498,
  0.16258972712641498,
  0.1608432280417642,
  0.16535302382456224,
  0.15898602485426364,
  0.15646773034083428,
  0.15584001697392774,
  0.15584001697392774,
  0.15584001697392774,
  0.15365321765857506,
  0.14899733459580547,
  0.14510866598578287,
  0.14496230148178335,
  0.14433506682883654,
  0.14433506682883654,
  0.14433506682883654,
  0.14433506682883654,
  0.14589830043864926,
  0.15529325744838507,
  0.15590401836645482,
  0.15480401167640193,
  0.15480401167640193,
  0.15480401167640193,
  0.15116824920581104,
  0.14991909932198266,
  0.15885680407228459,
  0.1550686871951332,
  0.15584975271994755,
  0.15584975271994755,
  0.15584975271994755,
  0.15414327761641508,
  0.1529281655992987,
  0.15552960454053105,
  0.15076944055833857,
  0.14938812488445363,
  0.14938812488445363,
  0.14938812488445363,
  0.16334654828011175,
  0.16432926255944302,
  0.1569248503242595,
  0.21833559386484946,
  0.20010040628144066,
  0.20010040628144066,
  0.20010040628144066,
  0.2127040173209324,
  0.20927622386970432,
  0.17600665366750737,
  0.17020952708504228,
  0.16251589971479544,
  0.16251589971479544,
  0.16251589971479544,
  0.1597022564225124,
  0.15871286808761015,
  0.15585843338217562,
  0.16458122448250742,
  0.16431732500307356,
  0.16431732500307356,
  0.16431732500307356,
  0.17145056622084404,
  0.18342370606572223,
  0.17162681341153047,
  0.1685256572369056,
  0.16667687788746854,
  0.16667687788746854,
  0.16667687788746854,
  0.1595620012248694,
  0.1640234106482301,
  0.16770977330063566,
  0.17175905698143035,
  0.17175905698143035,
  0.17175905698143035,
  0.17175905698143035,
  0.1783627841280147,
  0.18487589653273478,
  0.18457990730712345,
  0.1744181764642923,
  0.17830708534364514,
  0.17830708534364514,
  0.17830708534364514,
  0.18442425068827709,
  0.17834917745152154,
  0.17564473664779756,
  0.16956213366047856,
  0.16627155496437104,
  0.16627155496437104,
  0.16627155496437104,
  0.16577298161692375,
  0.16504295534808744,
  0.14484655128725715,
  0.14590196926170595,
  0.13828903089634825,
  0.13828903089634825,
  0.13828903089634825,
  0.13301311985580982,
  0.1341875594516964,
  0.1316249158135705,
  0.12408156106926597,
  0.12666283695736832,
  0.12666283695736832,
  0.12666283695736832,
  0.1439466841073454,
  0.13641922108696025,
  0.12400232608459423,
  0.11630700436819545,
  0.12390389355822096,
  0.12390389355822096,
  0.12390389355822096,
  0.12350698260572049,
  0.12237592280102402,
  0.1273130654014861,
  0.1329257463884143,
  0.13326324699025593,
  0.13326324699025593,
  0.13326324699025593,
  0.13326324699025593,
  0.14115365343763978,
  0.13715255308552635,
  0.13158018121161913,
  0.13187664367281374,
  0.13187664367281374,
  0.13187664367281374,
  0.1205830274172261,
  0.1270645290636571,
  0.1342381604358719,
  0.1278488336273044,
  0.12954277477831283,
  0.12954277477831283,
  0.12954277477831283,
  0.12931498307141562,
  0.12830118918703567,
  0.12555097536211868,
  0.12587723195063874,
  0.12448259202432661,
  0.12448259202432661,
  0.12448259202432661,
  0.1297998815928442,
  0.12786715120167663,
  0.1284037242264736,
  0.12692522458943892,
  0.12724996375223413,
  0.12724996375223413,
  0.12724996375223413,
  0.12303189468964817,
  0.12206040403665232,
  0.12280951525337215,
  0.12713693926041056,
  0.12659723050049515,
  0.12659723050049515,
  0.12659723050049515,
  0.12893252081776052,
  0.12944855900684013,
  0.12765046185146148,
  0.12862514625233826,
  0.12862514625233826,
  0.12862514625233826,
  0.12862514625233826,
  0.12772687122948775,
  0.12763344176270158,
  0.12538801440371042,
  0.1265040012209968,
  0.1268050840089811,
  0.1268050840089811,
  0.1268050840089811,
  0.12526486015181934,
  0.12621151618728732,
  0.1310259301768796,
  0.12971643191151253,
  0.12931364852685287,
  0.12931364852685287,
  0.12931364852685287,
  0.13150038509320428,
  0.12911088095065723,
  0.12724974294446406,
  0.12499644611930179,
  0.12262903874632415,
  0.12262903874632415,
  0.12262903874632415,
  0.107052458379107,
  0.1079555663632977,
  0.1105719183944423,
  0.10993398469864737,
  0.1094364510503457,
  0.1094364510503457,
  0.1094364510503457,
  0.10995568943503017,
  0.11004924143946221,
  0.10551610417857717,
  0.1047133894687605,
  0.10635718510772559,
  0.10635718510772559,
  0.10635718510772559,
  0.10407378853338674,
  0.11821541829719134,
  0.11829156556602631,
  0.11625797460525882,
  0.12459139020223006,
  0.12459139020223006,
  0.12459139020223006,
  0.11737822393158215,
  0.11937054057812663,
  0.1204852746966442,
  0.12134659086424718,
  0.1251500005838952,
  0.1251500005838952,
  0.1251500005838952,
  0.12618692120097508,
  0.1292963738528577,
  0.12713734401516089,
  0.129395797310757,
  0.12726012674636958,
  0.12726012674636958,
  0.12726012674636958,
  0.1236557010356855,
  0.12432251517812783,
  0.13141716385162144,
  0.14082559662415128,
  0.13526685851469938,
  0.13526685851469938,
  0.13526685851469938,
  0.13526685851469938,
  0.13701798571145327,
  0.13781019981786136,
  0.13482401967648633,
  0.13568998365117646,
  0.13568998365117646,
  0.13568998365117646,
  0.1335288507322227,
  0.14425368385323892,
  0.15936356018898049,
  0.1494293054501851,
  0.14581638560768131,
  0.14581638560768131,
  0.14581638560768131,
  0.1454370274122371,
  0.14636863685880205,
  0.14471725685206338,
  0.13574265618017303,
  0.13666311559235705,
  0.13666311559235705,
  0.13666311559235705,
  0.1414238242503386,
  0.13803131316461578,
  0.1396078819239035,
  0.14027088874484922,
  0.13848369015054574,
  0.13848369015054574,
  0.13848369015054574,
  0.13731616268679234,
  0.14148835263721632,
  0.1434909068906851,
  0.15018753544457686,
  0.14888211931504003,
  0.14888211931504003,
  0.14888211931504003,
  0.14405431922211784,
  0.14535398220988485,
  0.1436982366967523,
  0.1443801248857597,
  0.14546741141362485,
  0.14546741141362485,
  0.14546741141362485,
  0.1397883468141142,
  0.14188086893692492,
  0.14118401422941765,
  0.14117810689524718,
  0.14251977445299374,
  0.14251977445299374,
  0.14251977445299374,
  0.13384067313493545,
  0.12859029788559082,
  0.1221810846627131,
  0.12052493217489735,
  0.12333055055714759,
  0.12333055055714759,
  0.12333055055714759,
  0.12292544771701985,
  0.12325898892398993,
  0.12206988740641483,
  0.11661216803682392,
  0.11924799143942248,
  0.11924799143942248,
  0.11924799143942248,
  0.12066670253118239,
  0.12173251716595294,
  0.12238445759723182,
  0.1148538058133641,
  0.11782831727908112,
  0.11782831727908112,
  0.11782831727908112,
  0.12199607461776385,
  0.11799104764065274,
  0.11961352796210056,
  0.12185491925394772,
  0.11927729644658606,
  0.11927729644658606,
  0.11927729644658606,
  0.12021266959046757,
  0.12938921921314292,
  0.14428158077764985,
  0.14428158077764985,
  0.15855366799105702,
  0.15855366799105702,
  0.15855366799105702,
  0.17465243537347336,
  0.1723129548017141,
  0.1673446505511314,
  0.17052877550435697,
  0.17540326384203303,
  0.17540326384203303,
  0.17540326384203303,
  0.1751909563825581,
  0.15798685308908145,
  0.1542585417860795,
  0.1589543573192121,
  0.15832632248293588,
  0.15832632248293588,
  0.15832632248293588,
  0.1452357010574185,
  0.14718488108121142,
  0.1403620918503677,
  0.13058447269008103,
  0.13017569232048237,
  0.13017569232048237,
  0.13017569232048237,
  0.13927941927041712,
  0.13938510991211153,
  0.14507765142061027,
  0.13591620579230837,
  0.13591620579230837,
  0.13591620579230837,
  0.13591620579230837,
  0.1366079434230818,
  0.13378558998482323,
  0.13521398366736265,
  0.13397480770183962,
  0.13397480770183962,
  0.13397480770183962,
  0.13397480770183962,
  0.1329979784006898,
  0.12609572000722358,
  0.13049784442476464,
  0.13607716921663357,
  0.13031156060193477,
  0.13031156060193477,
  0.13031156060193477,
  0.13931306738000415,
  0.15159054034558198,
  0.13915076271489613,
  0.16102143599289112,
  0.15697602935556057,
  0.15697602935556057,
  0.15697602935556057,
  0.15697602935556057,
  0.16418442291124957,
  0.1549521438977766,
  0.16883964598820433,
  0.17482704870346974,
  0.17482704870346974,
  0.17482704870346974,
  0.17654731880634528,
  0.17187982033790597,
  0.17747446029862793,
  0.17282565133619365,
  0.1798878171494406,
  0.1798878171494406,
  0.1798878171494406,
  0.18921092728748892,
  0.19372413357665702,
  0.19779789065663975,
  0.20733049999322972,
  0.21130281671255022,
  0.21130281671255022,
  0.21130281671255022,
  0.2253419148547791,
  0.27386181424588435,
  0.21694554465562604,
  0.21080236148987153,
  0.21772723491153287,
  0.21772723491153287,
  0.21772723491153287,
  0.21772723491153287,
  0.1941061996240304,
  0.1805978756945804,
  0.17952469918242048,
  0.17243732577588378,
  0.17243732577588378,
  0.17243732577588378,
  0.1616017873031087,
  0.1415746319441161,
  0.16450749617963364,
  0.15535149639586876,
  0.16193652617736237,
  0.16193652617736237,
  0.16193652617736237,
  0.15765070517538804,
  0.15471592344796994,
  0.14475572262534792,
  0.1329580909866897,
  0.12676765797063005,
  0.12676765797063005,
  0.12676765797063005,
  0.11947014769878529,
  0.13059763238606642,
  0.13507758676845452,
  0.13904477402554963,
  0.13674715458575876,
  0.13674715458575876,
  0.13674715458575876,
  0.13755115987060867,
  0.12750484177614513,
  0.1309628461353031,
  0.12652327326321217,
  0.13317645359081964,
  0.13317645359081964,
  0.13317645359081964,
  0.1328757344436508,
  0.12371630524624336,
  0.11777899845548316,
  0.12008898203864533,
  0.11317200403243977,
  0.11317200403243977,
  0.11317200403243977,
  0.10932256464035127,
  0.11099892250288389,
  0.11520933954939068,
  0.1190541334179461,
  0.1190541334179461,
  0.1190541334179461,
  0.1190541334179461,
  0.12200743006628759,
  0.12107775134028148,
  0.1170762652665486,
  0.11832531462620687,
  0.12207055319038564,
  0.12207055319038564,
  0.12207055319038564,
  0.11991961349708637,
  0.13362106607062177,
  0.11654311225487715,
  0.11690145258593593,
  0.11265041029944614,
  0.11265041029944614,
  0.11265041029944614,
  0.1144061715059474,
  0.11447056269547494,
  0.12066539756114493,
  0.1155667935780554,
  0.11998359491321657,
  0.11998359491321657,
  0.11998359491321657,
  0.12195458129425436,
  0.12301501524419457,
  0.12418124832741058,
  0.12230578970913286,
  0.11379359894399674,
  0.11379359894399674,
  0.11379359894399674,
  0.11112180895539078,
  0.11566455331803774,
  0.10856957498381352,
  0.10799958166040496,
  0.10817624345137676,
  0.10817624345137676,
  0.10817624345137676,
  0.10194451525296173,
  0.10174840379355142,
  0.11024905334820394,
  0.09817324552960575,
  0.10451171054099416,
  0.10451171054099416,
  0.10451171054099416,
  0.11239733149980759,
  0.1135415516403702,
  0.12292702408915164,
  0.11589707026137264,
  0.12076764728545578,
  0.12076764728545578,
  0.12076764728545578,
  0.12206123797853126,
  0.12230281427814998,
  0.12286546179461524,
  0.12848307222856434,
  0.13166149208843775,
  0.13166149208843775,
  0.13166149208843775,
  0.13166149208843775,
  0.13023333142732227,
  0.13266735884886405,
  0.12462518937839155,
  0.13136679507873927,
  0.13136679507873927,
  0.13136679507873927,
  0.13998810856151997,
  0.13724047338214382,
  0.13736466313122292,
  0.1385869255218918,
  0.13832819910982416,
  0.13832819910982416,
  0.13832819910982416,
  0.14880971170161414,
  0.15605004269381154,
  0.16163428018405196,
  0.16576923228186013,
  0.18063978310539663,
  0.18063978310539663,
  0.18063978310539663,
  0.184258501724454,
  0.17034572250427782,
  0.1639829030572176,
  0.1678704785990362,
  0.17385860288098134,
  0.17385860288098134,
  0.17385860288098134,
  0.18126384063332723,
  0.18651560545290533,
  0.18963587817015728,
  0.19386921048693914,
  0.1875119123455341,
  0.1875119123455341,
  0.1875119123455341,
  0.1875119123455341,
  0.18527424854892796,
  0.18899831608421355,
  0.1881050695740576,
  0.18600502790604825,
  0.18600502790604825,
  0.18600502790604825,
  0.17755238862096817,
  0.17732234707097475,
  0.17074646778627509,
  0.1702415246394453,
  0.1664749712096002,
  0.1664749712096002,
  0.1664749712096002,
  0.16182839077511307,
  0.16834104792711163,
  0.1734437796805788,
  0.1720478454903831,
  0.16071622487881357,
  0.16071622487881357,
  0.16071622487881357,
  0.18279192698282737,
  0.16002510870831765,
  0.16167904912900266,
  0.15621960707662527,
  0.14821875498564135,
  0.14821875498564135,
  0.14821875498564135,
  0.16269345518493084,
  0.16382992822800746,
  0.1687980268587031,
  0.17509854708998884,
  0.1748671695443327,
  0.1748671695443327,
  0.1748671695443327,
  0.16558252219040784,
  0.1646351917353884,
  0.16394612478582238,
  0.1622817365800682,
  0.15232254753540841,
  0.15232254753540841,
  0.15232254753540841,
  0.1516178268233956,
  0.1484919334444851,
  0.14621263611241994,
  0.14475493414864085,
  0.14523144559137804,
  0.14523144559137804,
  0.14523144559137804,
  0.14501833177899015,
  0.14998077242493632,
  0.1484269330848857,
  0.14776889367730006,
  0.14415393680429978,
  0.14415393680429978,
  0.14415393680429978,
  0.1493975708095732,
  0.1472013490563139,
  0.14381632582394702,
  0.14103833584681597,
  0.14237973813250712,
  0.14237973813250712,
  0.14237973813250712,
  0.14237973813250712,
  0.13843076212116193,
  0.13855515888270892,
  0.1380901767412382,
  0.13714714023856334,
  0.13714714023856334,
  0.13714714023856334,
  0.14293950705057717,
  0.13133303569177113,
  0.13139227508220733,
  0.13247289446580596,
  0.12996028025942763,
  0.12996028025942763,
  0.12996028025942763,
  0.13733375571024123,
  0.1427789455602745,
  0.13760568172833276,
  0.13733571083295737,
  0.1399144466903411,
  0.1399144466903411,
  0.1399144466903411,
  0.14081678667337444,
  0.1397627403409313,
  0.13625133527554734,
  0.1320822531070065,
  0.12728572638370778,
  0.12728572638370778,
  0.12728572638370778,
  0.12364367727465168,
  0.12637335703163957,
  0.12171104198854812,
  0.12875705208880547,
  0.13134117231368012,
  0.13134117231368012,
  0.13134117231368012,
  0.12730324229877796,
  0.12680881522343657,
  0.12653067662288822,
  0.1262963583338842,
  0.12174085532986924,
  0.12174085532986924,
  0.12174085532986924,
  0.11924661226871182,
  0.11316953614187404,
  0.1148882294818519,
  0.11821700061422331,
  0.1183874034616553,
  0.1183874034616553,
  0.1183874034616553,
  0.11834106186054263,
  0.12173853968897955,
  0.12226245013773178,
  0.1182950673105244,
  0.11490974658041292,
  0.11490974658041292,
  0.11490974658041292,
  0.12066669284518895,
  0.12560259404462842,
  0.12867229031402705,
  0.13018241874992967,
  0.13047054029486382,
  0.13047054029486382,
  0.13047054029486382,
  0.12728139293574392,
  0.12826438128018847,
  0.12559998956353707,
  0.12599853387734186,
  0.12652451938471332,
  0.12652451938471332,
  0.12652451938471332,
  0.1250828554070586,
  0.12500074111133888,
  0.1247349397601081,
  0.1277366889484576,
  0.12359174584379913,
  0.12359174584379913,
  0.12359174584379913,
  0.12258459833228985,
  0.12103200007762414,
  0.12453707548396217,
  0.12453707548396217,
  0.12376384753271508,
  0.12376384753271508,
  0.12376384753271508,
  0.12031158542133479,
  0.12655461607906843,
  0.12326962946005267,
  0.12099617669990864,
  0.11772586534467844,
  0.11772586534467844,
  0.11772586534467844,
  0.11791993665637333,
  0.12389920092090265,
  0.12603555160544,
  0.1241564217563241,
  0.1271799253486316,
  0.1271799253486316,
  0.1271799253486316,
  0.12230869291951929,
  0.12451130669430666,
  0.12241925001903325,
  0.1189415584040417,
  0.12371287420951779,
  0.12371287420951779,
  0.12371287420951779,
  0.11655007827347938,
  0.11596634134414792,
  0.11721312977657702,
  0.11759681543606945,
  0.11759681543606945,
  0.11759681543606945,
  0.11759681543606945,
  0.1201174902476653,
  0.11934937355723221,
  0.11973161214093941,
  0.11919507432664603,
  0.11758406620245984,
  0.11758406620245984,
  0.11758406620245984,
  0.12016414696341497,
  0.12006516549428292,
  0.11684912502695302,
  0.11552577730075975,
  0.11621134716923104,
  0.11621134716923104,
  0.11621134716923104,
  0.11524042487990419,
  0.11853278160541787,
  0.11709909616404185,
  0.11494997548709847,
  0.11590800443453103,
  0.11590800443453103,
  0.11590800443453103,
  0.11590800443453103,
  0.11050690221474846,
  0.11029522305168143,
  0.11246934185188916,
  0.103104134936987,
  0.103104134936987,
  0.103104134936987,
  0.10106582241151177,
  0.09878496836425667,
  0.09596463006430474,
  0.08601647394505199,
  0.0897064964116089,
  0.0897064964116089,
  0.0897064964116089,
  0.09562892485406042,
  0.09627477476117831,
  0.09440103271997125,
  0.09153374667103083,
  0.09436909815719247,
  0.09436909815719247,
  0.09436909815719247,
  0.09431279923181742,
  0.0964290535766556,
  0.10072442870589755,
  0.09904254932440387,
  0.09691818127090467,
  0.09691818127090467,
  0.09691818127090467,
  0.09615394413444985,
  0.0980904089227019,
  0.09894486201684416,
  0.09980755683130542,
  0.09891589844241715,
  0.09891589844241715,
  0.09891589844241715,
  0.09891589844241715,
  0.09865217960235678,
  0.09787226558957017,
  0.10355673613859692,
  0.103278864888772,
  0.103278864888772,
  0.103278864888772,
  0.10256235699427302,
  0.10477596709321804,
  0.10456442563986862,
  0.10098514074111001,
  0.1048505620275147,
  0.1048505620275147,
  0.1048505620275147,
  0.10217791741653892,
  0.1059341553874655,
  0.10403038479172941,
  0.10678425527734278,
  0.10073985894697012,
  0.10073985894697012,
  0.10073985894697012,
  0.0932594588353469,
  0.10069959775255595,
  0.10421464035575,
  0.10600131559942035,
  0.10867642304465822,
  0.10867642304465822,
  0.10867642304465822,
  0.10625639748881391,
  0.10858426017834526,
  0.10507319467693786,
  0.11007955094451313,
  0.1065239074050219,
  0.1065239074050219,
  0.1065239074050219,
  0.10821591362420616,
  0.1095527225357571,
  0.10638794305746942,
  0.10679274075313815,
  0.10608525273902544,
  0.10608525273902544,
  0.10608525273902544,
  0.10751420550349988,
  0.10696287864901229,
  0.10533311098529283,
  0.10656758553257456,
  0.10718019620395262,
  0.10718019620395262,
  0.10718019620395262,
  0.110417255625515,
  0.11051112300742201,
  0.11261035593821353,
  0.11247882496386752,
  0.11247882496386752,
  0.11247882496386752,
  0.11247882496386752,
  0.10921659250693512,
  0.11352018459761326,
  0.10852851707979755,
  0.10557311365452354,
  0.10293827685424477,
  0.10293827685424477,
  0.10293827685424477,
  0.10578791038158301,
  0.10258028939444482,
  0.09831013498015126,
  0.10069184102800502,
  0.09173053888107331,
  0.09173053888107331,
  0.09173053888107331,
  0.09496921276322279,
  0.09096579593066247,
  0.09230605689221644,
  0.08599283318355427,
  0.08164053041824962,
  0.08164053041824962,
  0.08164053041824962,
  0.07230100200594183,
  0.07269467233030873,
  0.05812756797582572,
  0.0589305501442634,
  0.06985940107579902,
  0.06985940107579902,
  0.06985940107579902,
  0.06747833246001227,
  0.07390752937516717,
  0.06874586645861866,
  0.069528163393497,
  0.06943317003540418,
  0.06943317003540418,
  0.06943317003540418,
  0.07023287183237908,
  0.0650838618929,
  0.06701765144792235,
  0.07383686324472788,
  0.07663590008844046,
  0.07663590008844046,
  0.07663590008844046,
  0.07663590008844046,
  0.08325598047881627,
  0.07991521588448915,
  0.08023634544417672,
  0.07649374265549443,
  0.07649374265549443,
  0.07649374265549443,
  0.0750509925940512,
  0.07703300075446953,
  0.07707925320989349,
  0.0723166859778465,
  0.06992207746204933,
  0.06992207746204933,
  0.06992207746204933,
  0.06766014664751763,
  0.07064054812747331,
  0.07590538406687154,
  0.07915944228745794,
  0.08186998813028203,
  0.08186998813028203,
  0.08186998813028203,
  0.08186998813028203,
  0.08640986709066142,
  0.08551045455236155,
  0.08930621864223119,
  0.09676117766653439,
  0.09676117766653439,
  0.09676117766653439,
  0.09487603732351284,
  0.09177227304179586,
  0.089380117957649,
  0.0830438583685924,
  0.08654669291161105,
  0.08654669291161105,
  0.08654669291161105,
  0.08654669291161105,
  0.0929563770745305,
  0.09163799108593229,
  0.10144846239138255,
  0.10182633533506372,
  0.10182633533506372,
  0.10182633533506372,
  0.10059809806062148,
  0.09962785358312198,
  0.09674910201465284,
  0.09946076460916127,
  0.10269564094399712,
  0.10269564094399712,
  0.10269564094399712,
  0.1003438198876577,
  0.11422678940414467,
  0.12429981666595487,
  0.12506568004450144,
  0.12411193528548714,
  0.12411193528548714,
  0.12411193528548714,
  0.12445638214201891,
  0.11188453521569315,
  0.1144324977469969,
  0.1156355120654821,
  0.12016988930510754,
  0.12016988930510754,
  0.12016988930510754,
  0.11827126956490688,
  0.12109782532034555,
  0.137298882997581,
  0.1366756152342486,
  0.13703709905142758,
  0.13703709905142758,
  0.13703709905142758,
  0.13860441588654143,
  0.13787584521094245,
  0.14022257815776978,
  0.1406614216961493,
  0.1445898579299682,
  0.1445898579299682,
  0.1445898579299682,
  0.14462460327229928,
  0.14346431535146703,
  0.13935551585340714,
  0.13974223692317878,
  0.1355522823825249,
  0.1355522823825249,
  0.1355522823825249,
  0.12528209271603735,
  0.12346660817601479,
  0.12825882184711415,
  0.12629563911949668,
  0.1230008689668644,
  0.1230008689668644,
  0.1230008689668644,
  0.12068187684067748,
  0.12134784555500186,
  0.1154926338100005,
  0.10976223332247463,
  0.10919503897639038,
  0.10919503897639038,
  0.10919503897639038,
  0.10919503897639038,
  0.10842636822638442,
  0.11332624487351273,
  0.121315065519419,
  0.12252380078662027,
  0.12252380078662027,
  0.12252380078662027,
  0.11755687191856408,
  0.1139347381050305,
  0.11164913107563823,
  0.11011505999789829,
  0.10435662225283233,
  0.10435662225283233,
  0.10435662225283233,
  0.10550483440906566,
  0.10407188276978364,
  0.10563204891968624,
  0.09906482625283985,
  0.09920903165041749,
  0.09920903165041749,
  0.09920903165041749,
  0.10413744654863621,
  0.10783051100389897,
  0.11348802107122107,
  0.10822022301620073,
  0.10923337920086751,
  0.10923337920086751,
  0.10923337920086751,
  0.11441337194804002,
  0.12231003421716512,
  0.12012965663217366,
  0.12110480023758007,
  0.11270358716055986,
  0.11270358716055986,
  0.11270358716055986,
  0.11527319460593097,
  0.11357159433350392,
  0.11399223115423976,
  0.11378068279503312,
  0.10909712695316,
  0.10909712695316,
  0.10909712695316,
  0.11310559458525325,
  0.12154491752431831,
  0.11812198999124134,
  0.11599297334956177,
  0.12133022321524985,
  0.12133022321524985,
  0.12133022321524985,
  0.12281880268334476,
  0.13370417055185405,
  0.13130197296107768,
  0.13337384685165565,
  0.1359481554094807,
  0.1359481554094807,
  0.1359481554094807,
  0.13051958996452775,
  0.1255536050901419,
  0.1231329901254555,
  0.12292931354997443,
  0.13103370261850925,
  0.13103370261850925,
  0.13103370261850925,
  0.12941919702495827,
  0.11425322170117004,
  0.10727432156838317,
  0.09950660936004034,
  0.10283960526677113,
  0.10283960526677113,
  0.10283960526677113,
  0.09983031214278444,
  0.10158953357242552,
  0.1016470907242424,
  0.10419764597626242,
  0.10188181804098997,
  0.10188181804098997,
  0.10188181804098997,
  0.09958647695908847,
  0.103200976090828,
  0.10619054267696311,
  0.10619054267696311,
  0.11076246499661965,
  0.11076246499661965,
  0.11076246499661965,
  0.10893906853132182,
  0.11067205969603192,
  0.11537946469454533,
  0.11727379597396598,
  0.12109785117689295,
  0.12109785117689295,
  0.12109785117689295,
  0.11527069106512965,
  0.11440940680920399,
  0.11484363208218387,
  0.11754449075790337,
  0.11862966227784583,
  0.11862966227784583,
  0.11862966227784583,
  0.11400383851568203,
  0.11349552011827722,
  0.11379321143297244,
  0.10826458474232555,
  0.10437012348900312,
  0.10437012348900312,
  0.10437012348900312,
  0.10353607997234446,
  0.09987398512559686,
  0.10038331903357708,
  0.09876804281164794,
  0.09684494608818679,
  0.09684494608818679,
  0.09684494608818679,
  0.09684494608818679,
  0.08837618319784937,
  0.08342510030260473,
  0.08209782177035374,
  0.08526984676547587,
  0.08526984676547587,
  0.08526984676547587,
  0.08526984676547587,
  0.08694318835137453,
  0.09788155894797276,
  0.09298714330506244,
  0.09464977379865655,
  0.09464977379865655,
  0.09464977379865655,
  0.10177038231620252,
  0.10890565711600177,
  0.10859276410723051,
  0.11138028196580892,
  0.10897772230159858,
  0.10897772230159858,
  0.10897772230159858,
  0.10897772230159858,
  0.11148537334058596,
  0.10691301345361352,
  0.10501834247901946,
  0.10584942314893248,
  0.10584942314893248,
  0.10584942314893248,
  0.10910233029192683,
  0.1093368416838426,
  0.10634202429821236,
  0.10650908147935322,
  0.11194724364911667,
  0.11194724364911667,
  0.11194724364911667,
  0.1075694005062873,
  0.1087890239067289,
  0.11293314825707998,
  0.12445961051503387,
  0.12143634476761431,
  0.12143634476761431,
  0.12143634476761431,
  0.12392295423099677,
  0.12201961844091212,
  0.1202995830364687,
  0.11413884569928356,
  0.11240493983993459,
  0.11240493983993459,
  0.11240493983993459,
  0.1142923842574183,
  0.12202078503343837,
  0.12275873934815597,
  0.12023210110953758,
  0.11969990074060702,
  0.11969990074060702,
  0.11969990074060702,
  0.11969990074060702,
  0.11045838145439689,
  0.11103465746119322,
  0.110971957125477,
  0.11026752278489532,
  0.11026752278489532,
  0.11026752278489532,
  0.10995681465937406,
  0.11330452643380197,
  0.10906876273330034,
  0.10772522555701226,
  0.11041163371195925,
  0.11041163371195925,
  0.11041163371195925,
  0.10586383070975657,
  0.10415949214586408,
  0.10715495695483232,
  0.10353080827714377,
  0.09511451924724472,
  0.09511451924724472,
  0.09511451924724472,
  0.0922242767368502,
  0.0927298621215368,
  0.09335016256019794,
  0.09622880606822952,
  0.09760089473931512,
  0.09760089473931512,
  0.09760089473931512,
  0.09506167483334008,
  0.09702646748439174,
  0.09040028316085905,
  0.0929379035639637,
  0.09335734042339315,
  0.09335734042339315,
  0.09335734042339315,
  0.08804752369235262,
  0.0910440115666662,
  0.10019245668888048,
  0.09960560786982874,
  0.1026459131954846,
  0.1026459131954846,
  0.1026459131954846,
  0.10701246542129991,
  0.10614138510282026,
  0.10321533026185115,
  0.10344406917935942,
  0.10344406917935942,
  0.10344406917935942,
  0.10344406917935942,
  0.10548012167239723,
  0.10992206450435552,
  0.10711352221506501,
  0.11208238483661544,
  0.10947756113618334,
  0.10947756113618334,
  0.10947756113618334,
  0.10630990572272711,
  0.10851202693383456,
  0.10919179085114451,
  0.10433694292420952,
  0.10669096725447376,
  0.10669096725447376,
  0.10669096725447376,
  0.10366084890509981,
  0.10276746178370427,
  0.10535944125936965,
  0.10810962365368817,
  0.11192129629244398,
  0.11192129629244398,
  0.11192129629244398,
  0.10945277012395567,
  0.11436675178939468,
  0.10489097273003652,
  0.10823736066419441,
  0.1106236041288276,
  0.1106236041288276,
  0.1106236041288276,
  0.10640105479010215,
  0.10970478621505465,
  0.11408036418825414,
  0.10643022115094437,
  0.10110057920004911,
  0.10110057920004911,
  0.10110057920004911,
  0.10388820124086928,
  0.10113678827667377,
  0.10605207639269422,
  0.10717715949854313,
  0.10720662297862701,
  0.10720662297862701,
  0.10720662297862701,
  0.10953669086053357,
  0.10627081153612536,
  0.1080053046324944,
  0.10612925370171317,
  0.10670193386572142,
  0.10670193386572142,
  0.10670193386572142,
  0.10670193386572142,
  0.10803054783356175,
  0.11081329486844405,
  0.11183456398570009,
  0.11087506093528142,
  0.11087506093528142,
  0.11087506093528142,
  0.1072822007445313,
  0.10970387240372094,
  0.11038108832562923,
  0.10975087700134178,
  0.106618579992299,
  0.106618579992299,
  0.106618579992299,
  0.10720973055791398,
  0.10950382829301387,
  0.11259050804517144,
  0.10866269592040208,
  0.11143876956085914,
  0.11143876956085914,
  0.11143876956085914,
  0.11143876956085914,
  0.11063458871265998,
  0.11033627388012705,
  0.10939653615604429,
  0.10721777721050668,
  0.10721777721050668,
  0.10721777721050668,
  0.10100051942869001,
  0.10586491552976832,
  0.10822553509172654,
  0.11176090677327845,
  0.11235265119210647,
  0.11235265119210647,
  0.11235265119210647,
  0.12127188170386,
  0.12127188170386,
  0.12391294195821446,
  0.12589713258446866,
  0.12548173489353884,
  0.12548173489353884,
  0.12548173489353884,
  0.13405132151209248,
  0.13464637107715197,
  0.13605382993874948,
  0.14672425662257954,
  0.15126886721323224,
  0.15126886721323224,
  0.15126886721323224,
  0.14923427685969823,
  0.14931391325124815,
  0.15146793056513255,
  0.14796917650013977,
  0.14599409694443585,
  0.14599409694443585,
  0.14599409694443585,
  0.14769896087352608,
  0.14945569300729517,
  0.15106810416989083,
  0.14588838016593883,
  0.14823368375908155,
  0.14823368375908155,
  0.14823368375908155,
  0.14980441814920628,
  0.14657768334158772,
  0.13972646480058729,
  0.13362839424792047,
  0.12965838747280573,
  0.12965838747280573,
  0.12965838747280573,
  0.12707767671214318,
  0.13084951398159125,
  0.12781492104894557,
  0.12844554198593425,
  0.1307278472497663,
  0.1307278472497663,
  0.1307278472497663,
  0.13221712875112332,
  0.12894944592958066,
  0.12879688980808232,
  0.13005657263454742,
  0.12615185726604483,
  0.12615185726604483,
  0.12615185726604483,
  0.12832958606032197,
  0.12658049836388358,
  0.1310550483078401,
  0.12864275793972962,
  0.1290134670886969,
  0.1290134670886969,
  0.1290134670886969,
  0.13191144523179069,
  0.13759678382937957,
  0.1361601552997238,
  0.1378749245212404,
  0.136228727456139,
  0.136228727456139,
  0.136228727456139,
  0.136228727456139,
  0.13547332447917326,
  0.136177058479149,
  0.1345531113090604,
  0.1375298147028411,
  0.1375298147028411,
  0.1375298147028411,
  0.13618595698249644,
  0.13461672369285335,
  0.13033237588039587,
  0.13052157164395609,
  0.12807092274218565,
  0.12807092274218565,
  0.12807092274218565,
  0.12731420424407103,
  0.12467697836136167,
  0.12290649609317524,
  0.12272828077320795,
  0.12145042309761396,
  0.12145042309761396,
  0.12145042309761396,
  0.12456992851910705,
  0.12102718455305697,
  0.11977133123930755,
  0.12172507533773683,
  0.12198402130109143,
  0.12198402130109143,
  0.12198402130109143,
  0.11968057258539837,
  0.11349990450204565,
  0.11525431203010689,
  0.11796798488749015,
  0.12188603473068543,
  0.12188603473068543,
  0.12188603473068543,
  0.12342443417731118,
  0.12429621831156595,
  0.12451382317499496,
  0.12094122625886337,
  0.11846309383864992,
  0.11846309383864992,
  0.11846309383864992,
  0.11423776630573128,
  0.11803666161060147,
  0.11618753296910096,
  0.1192034509101644,
  0.1172525027685165,
  0.1172525027685165,
  0.1172525027685165,
  0.11409276777002944,
  0.1253247356112159,
  0.1255607460602179,
  0.12104525213109361,
  0.11995351712663387,
  0.11995351712663387,
  0.11995351712663387,
  0.12179455365588636,
  0.1221278062088392,
  0.1204015410724854,
  0.12983766818879072,
  0.13069957591049292,
  0.13069957591049292,
  0.13069957591049292,
  0.13118279087845042,
  0.13360677144752683,
  0.13307988129071993,
  0.13464920607160424,
  0.13645827815508937,
  0.13645827815508937,
  0.13645827815508937,
  0.13831435893397503,
  0.13506805504199113,
  0.1335644768577321,
  0.1352739944968306,
  0.1328590376868272,
  0.1328590376868272,
  0.1328590376868272,
  0.13569138123585003,
  0.13766755732719657,
  0.1356794643654713,
  0.1356794643654713,
  0.13792049405914236,
  0.13792049405914236,
  0.13792049405914236,
  0.1329730360399324,
  0.133718080110391,
  0.13394616677633012,
  0.13213039885025193,
  0.13639107377828563,
  0.13639107377828563,
  0.13639107377828563,
  0.13416357212262506,
  0.13100986951650942,
  0.13004256581896387,
  0.1319138066375907,
  0.13571114157652797,
  0.13571114157652797,
  0.13571114157652797,
  0.13475954850398558,
  0.13469650379309445,
  0.13662621695364222,
  0.13535941921732042,
  0.136039422458114,
  0.136039422458114,
  0.136039422458114,
  0.1341746834838135,
  0.13515327264201335,
  0.13137238085567254,
  0.13265585630380936,
  0.1407430729369156,
  0.1407430729369156,
  0.1407430729369156,
  0.1407430729369156,
  0.14202358540909085,
  0.15438902075337654,
  0.1566768988956568,
  0.15003063044232554,
  0.15003063044232554,
  0.15003063044232554,
  0.15003063044232554,
  0.1523978980692904,
  0.14727814625082492,
  0.1484407361952545,
  0.14289890334911334,
  0.14289890334911334,
  0.14289890334911334,
  0.12731606798833361,
  0.12511776619642812,
  0.12131610075631387,
  0.11563432213091214,
  0.11330084496720313,
  0.11330084496720313,
  0.11330084496720313,
  0.11330084496720313,
  0.11172300266578933,
  0.11674521535202642,
  0.11792916181545697,
  0.11557385976095876,
  0.11557385976095876,
  0.11557385976095876,
  0.11901324829855212,
  0.11298375884984513,
  0.11253066722704524,
  0.11463469548730786,
  0.11825370829892223,
  0.11825370829892223,
  0.11825370829892223,
  0.11869503885078234,
  0.12094957901174787,
  0.1177029865383661,
  0.11688240408684804,
  0.11580179032047618,
  0.11580179032047618,
  0.11580179032047618,
  0.11500593832238357,
  0.11558634908847276,
  0.1146277888483416,
  0.12975489126104653,
  0.13708556362872165,
  0.13708556362872165,
  0.13708556362872165,
  0.14362400238910558,
  0.13791441560982295,
  0.1485489254103256,
  0.1382402792756916,
  0.13411757832708454,
  0.13411757832708454,
  0.13411757832708454,
  0.13411757832708454,
  0.13483440688847936,
  0.12978600198706486,
  0.13900212542598173,
  0.13550436037748648,
  0.13550436037748648,
  0.13550436037748648,
  0.14608307631485337,
  0.15271863637708874,
  0.15406019220808456,
  0.16713512985369175,
  0.17286660645296076,
  0.17286660645296076,
  0.17286660645296076,
  0.19522931743768476,
  0.16473201007469063,
  0.1885146359537023,
  0.1942488726311399,
  0.20872446567806457,
  0.20872446567806457,
  0.20872446567806457,
  0.20578891503174873,
  0.22290449543313617,
  0.24166194215269393,
  0.23486414232274738,
  0.2568102332247785,
  0.2568102332247785,
  0.2568102332247785,
  0.2224709540701023,
  0.22895113904579717,
  0.22771849692135582,
  0.2441985111756698,
  0.23879423015982434,
  0.23879423015982434,
  0.23879423015982434,
  0.2652989658786956,
  0.26818803955386,
  0.2763156727825005,
  0.24094438701678586,
  0.24094438701678586,
  0.24094438701678586,
  0.24094438701678586,
  0.23481915499124345,
  0.2412380423380689,
  0.243420755741134,
  0.23579730528774115,
  0.21212411364945577,
  0.21212411364945577,
  0.21212411364945577,
  0.21121893719705734,
  0.2084235705444104,
  0.22185111645788622,
  0.22149536114545015,
  0.22018912582950426,
  0.22018912582950426,
  0.22018912582950426,
  0.21061954586592074,
  0.1965198842811054,
  0.19388285754125767,
  0.19022321417588678,
  0.18390419354383278,
  0.18390419354383278,
  0.18390419354383278,
  0.198093353323461,
  0.2015803261958551,
  0.19690900528724417,
  0.1923661858177801,
  0.20114087101002967,
  0.20114087101002967,
  0.20114087101002967,
  0.20252933353166097,
  0.17564070156464248,
  0.17651488789381928,
  0.19102747333455386,
  0.19446863023141656,
  0.19446863023141656,
  0.19446863023141656,
  0.200882015633609,
  0.20172515136175842,
  0.20152989890809647,
  0.20041883695748475,
  0.19418095648681924,
  0.19418095648681924,
  0.19418095648681924,
  0.19808128782229467,
  0.21081579318285867,
  0.2268789645708521,
  0.22074890201137354,
  0.23630956919287074,
  0.23630956919287074,
  0.23630956919287074,
  0.2417471823717556,
  0.23602822166414036,
  0.23827319304886183,
  0.22730456666884033,
  0.2458683475180705,
  0.2458683475180705,
  0.2458683475180705,
  0.2458683475180705,
  0.24530641187526853,
  0.23953027695041712,
  0.22540777256417444,
  0.22587910957944765,
  0.22587910957944765,
  0.22587910957944765,
  0.23652570992579552,
  0.23222642441623598,
  0.2384106221385024,
  0.23412893461704465,
  0.23019042765589465,
  0.23019042765589465,
  0.23019042765589465,
  0.23016365096567917,
  0.23101782774699775,
  0.23500031325587828,
  0.22228281327550647,
  0.22655888936015728,
  0.22655888936015728,
  0.22655888936015728,
  0.22668871250216494,
  0.22557769441661507,
  0.22557769441661507,
  0.22604200327865473,
  0.23148955614933536,
  0.23148955614933536,
  0.23148955614933536,
  0.22763915551456165,
  0.24201096165981165,
  0.23971375271580167,
  0.2476105617608941,
  0.22836155319226092,
  0.22836155319226092,
  0.22836155319226092,
  0.21733125846366338,
  0.21283426129234628,
  0.21638775665025417,
  0.21638775665025417,
  0.22620300873430121,
  0.22620300873430121,
  0.22620300873430121,
  0.2275950558088879,
  0.22440740838506162,
  0.22612809465941833,
  0.23691029104960948,
  0.24123883571287325,
  0.24123883571287325,
  0.24123883571287325,
  0.24838542867545677,
  0.25566402933236204,
  0.24797721952983875,
  0.24309226410927864,
  0.2666010935981215,
  0.2666010935981215,
  0.2666010935981215,
  0.2663436218487716,
  0.26116044607122724,
  0.2558720206852404,
  0.24422890956216442,
  0.25808522027106745,
  0.25808522027106745,
  0.25808522027106745,
  0.25214788581254255,
  0.2423029256670321,
  0.24983886418387807,
  0.23131392687275273,
  0.23577112986227106,
  0.23577112986227106,
  0.23577112986227106,
  0.2424457517801753,
  0.24435205786458286,
  0.2265868630577205,
  0.22036899077529493,
  0.22235503158776002,
  0.22235503158776002,
  0.22235503158776002,
  0.2214827386418709,
  0.22336408740395186,
  0.22195446972186325,
  0.22920390695594312,
  0.22589695900335155,
  0.22589695900335155,
  0.22589695900335155,
  0.22750403446768433,
  0.22654410292392244,
  0.23117213844057882,
  0.2216060879091874,
  0.23404556206197466,
  0.23404556206197466,
  0.23404556206197466,
  0.23361713049999414,
  0.2352945718039674,
  0.22377657298238007,
  0.22320939664445538,
  0.22398709506325445,
  0.22398709506325445,
  0.22398709506325445,
  0.22398709506325445,
  0.2129859305536152,
  0.21536429857333686,
  0.2129076924972969,
  0.21186773516656904,
  0.21186773516656904,
  0.21186773516656904,
  0.21890743120367673,
  0.22487926838502598,
  0.22544968224134684,
  0.22497286615248197,
  0.23355945703001235,
  0.23355945703001235,
  0.23355945703001235,
  0.2311809609799962,
  0.21766404279238288,
  0.2151998174872031,
  0.2298362777859804,
  0.22910773737031448,
  0.22910773737031448,
  0.22910773737031448,
  0.2368079472391213,
  0.23930838802320883,
  0.24062786794884763,
  0.25464467558376036,
  0.2678495554525748,
  0.2678495554525748,
  0.2678495554525748,
  0.266226649671189,
  0.2674194676747051,
  0.27153626369854694,
  0.26894603527797617,
  0.2843840353797788,
  0.2843840353797788,
  0.2843840353797788,
  0.2990038280825114,
  0.3093415528511515,
  0.3118247779292022,
  0.3041750596651828,
  0.34044309467699213,
  0.34044309467699213,
  0.34044309467699213,
  0.30534720722668485,
  0.28983708558834353,
  0.2870613694082382,
  0.28697398959294806,
  0.3154981308031705,
  0.3154981308031705,
  0.3154981308031705,
  0.32515509693601535,
  0.3261511437763997,
  0.3220576949802907,
  0.3460773904851389,
  0.35163791653483156,
  0.35163791653483156,
  0.35163791653483156,
  0.36525273349881926,
  0.3551130946261171,
  0.3418738918766438,
  0.34821526325768193,
  0.33060138887748886,
  0.33060138887748886,
  0.33060138887748886,
  0.3288379991634094,
  0.3284334485987535,
  0.34084233170126804,
  0.35677557377543556,
  0.35328020096254054,
  0.35328020096254054,
  0.35328020096254054,
  0.3833081288274664,
  0.40541947848857696,
  0.36251370013884704,
  0.3755511744771135,
  0.37406931749755007,
  0.37406931749755007,
  0.37406931749755007,
  0.4249820922924092,
  0.46623602184389945,
  0.502260480298672,
  0.40331059497660526,
  0.42615147425748134,
  0.42615147425748134,
  0.42615147425748134,
  0.43334055737497745,
  0.38450700746578026,
  0.4051998121276012,
  0.4051998121276012,
  0.3975620199177159,
  0.3975620199177159,
  0.3975620199177159,
  0.3967024243365875,
  0.38898080717500105,
  0.41106210132085974,
  0.4000266194182503,
  0.39532345802933905,
  0.39532345802933905,
  0.39532345802933905,
  0.37496643943120045,
  0.3902956610008279,
  0.4066300958008356,
  0.39202143322511945,
  0.4027922362520824,
  0.4027922362520824,
  0.4027922362520824,
  0.3852693422333538,
  0.36406427676047626,
  0.3494948377693422,
  0.3348618317809457,
  0.37256053251325305,
  0.37256053251325305,
  0.37256053251325305,
  0.35087463955791826,
  0.36298558147553467,
  0.36298558147553467,
  0.3560187400922179,
  0.3504492038646981,
  0.3504492038646981,
  0.3504492038646981
]