[
  0,
  0,
  0,
  0,
  0,
  0,
  0,
  0,
  0,
  0,
  0,
  0,
  0,
  0,
  0,
  0,
  0,
  0,
  0,
  0,
  0,
  0,
  0,
  0,
  0,
  0,
  0,
  0,
  0,
  0,
  0,
  0,
  0,
  0,
  0,
  0,
  0,
  0,
  0,
  0,
  0,
  0,
  0,
  0,
  0,
  0,
  0,
  0,
  0,
  0,
  0,
  0,
  0,
  0,
  0,
  0,
  0,
  0,
  0,
  0,
  0,
  0,
  0,
  0,
  0,
  0,
  0,
  0,
  0,
  0,
  0,
  0,
  0,
  0,
  0,
  0,
  0,
  0,
  0,
  0,
  0,
  0,
  0,
  0,
  0,
  0,
  0,
  0,
  0,
  0,
  0,
  0,
  0,
  0,
  0,
  0,
  0,
  0,
  0,
  0,
  0,
  0,
  0,
  0,
  0,
  0,
  0,
  0,
  0,
  0,
  0,
  0,
  0,
  0,
  0,
  0,
  0,
  0,
  0,
  0,
  0,
  0,
  0,
  0,
  0,
  0,
  0,
  0,
  0,
  0,
  0,
  0,
  0,
  0,
  0,
  0,
  0,
  0,
  0,
  0,
  0,
  0,
  0,
  0,
  0,
  0,
  0,
  0,
  0,
  0,
  0,
  0,
  0,
  0,
  0,
  0,
  0,
  0,
  0,
  0,
  0,
  0,
  0,
  0,
  0,
  0,
  0,
  0,
  0,
  0,
  0,
  0,
  0,
  0,
  0,
  0,
  0,
  0,
  0,
  0,
  0,
  0,
  0,
  0,
  0,
  0,
  0,
  0,
  0,
  0,
  0,
  0,
  0,
  0,
  0,
  0,
  0,
  0,
  0,
  0,
  0,
  0,
  0,
  0,
  0,
  0,
  0,
  0,
  0,
  0,
  0,
  0,
  0,
  0,
  0,
  0,
  0,
  0,
  0,
  0,
  0,
  0,
  0,
  0,
  0,
  0,
  5.3372586266227,
  5.340696567911048,
  5.248882817600643,
  5.625124723477516,
  5.5792222594621155,
  5.566506382005559,
  5.299460487307451,
  5.389410760815777,
  5.439739426705124,
  5.478626631200155,
  5.650345190667066,
  5.607134572774118,
  5.61529544628428,
  5.697160687227078,
  5.837548068411259,
  5.740070930552527,
  5.842036896653848,
  5.745614396885289,
  5.763407568025678,
  5.662700849264454,
  5.582879683465709,
  5.612985397131224,
  5.933298731727451,
  6.358076139797389,
  6.107106990805142,
  6.312635253024919,
  6.244608385079687,
  6.190884477813691,
  6.186167902417299,
  6.221935246765978,
  6.087113444755893,
  6.126210491155036,
  6.102006512788568,
  6.171997449170052,
  3.381396294899055,
  3.6529848750444818,
  4.0356173891258,
  3.7840488930132223,
  3.6925577006438,
  3.6427124778664144,
  3.6946893429737044,
  3.682951084624263,
  3.70654254604727,
  3.6647240910419576,
  3.4374572397681047,
  3.460766345095504,
  3.442093359680339,
  3.4342523238924105,
  3.5813233822370503,
  3.495413675437644,
  3.5353376598955024,
  3.552127206091287,
  3.5068693710100463,
  3.5157270257787108,
  3.47610224308111,
  3.4773036777648794,
  3.582957456424821,
  3.633668815774367,
  3.803249807869138,
  3.7701923132564614,
  3.692793928921498,
  3.6643068292709877,
  3.647936296993296,
  3.6808481028491387,
  3.63891909864742,
  3.656186784119145,
  3.683720508978275,
  3.672051763531591,
  3.6319978771847015,
  3.5399076334088795,
  3.5928972795734806,
  3.575250591886687,
  3.575100998463489,
  3.60907650026608,
  3.5604738490331127,
  3.5814819415586667,
  3.3892926791741953,
  3.2563356491570157,
  3.0940329727974496,
  3.052093662638041,
  3.123141286807791,
  3.070003525192263,
  3.0798112205045314,
  3.1128827304347717,
  3.121329107343284,
  3.091217087029033,
  2.953009411655997,
  3.019757260069885,
  3.168798810574545,
  3.036595311227625,
  3.055683761368315,
  3.082673746209042,
  3.099183054472633,
  2.9084818097565326,
  2.9838063706597073,
  3.030169345156355,
  3.0515441719226906,
  3.089347900791812,
  2.9879272467001172,
  3.0290138651904717,
  3.085773375724041,
  3.020499360687853,
  3.017110136167611,
  3.0618215797883104,
  3.044186131492252,
  3.276567004419093,
  3.6536913183061808,
  3.9906065235434753,
  4.015108214798988,
  3.8770943970806617,
  3.7789655254470205,
  4.422782751656272,
  4.363539293078177,
  4.237725242461193,
  4.318357916675727,
  4.441796235167666,
  3.8871582105441784,
  3.8488011459029856,
  3.976809390791314,
  3.586278732415084,
  3.5016466046630392,
  3.6082409386126,
  3.593984638594502,
  3.4516385414574353,
  3.3905614190535873,
  3.2968294241289082,
  3.3410755289679956,
  3.1861991994766488,
  2.964248657627331,
  2.9549694023155366,
  2.864367311540908,
  2.9122591350411047,
  1.8948131924119664,
  1.8962510503758072,
  1.9736946727369404,
  1.8490586846706227,
  1.7794257009527081,
  1.6601392531338832,
  1.6705492676731222,
  1.8584693613904364,
  1.8200729309883354,
  1.8395053726786523,
  1.822647124852144,
  1.799537982806261,
  1.6453283095667692,
  1.612466141880925,
  1.809357946477846,
  1.7154568494608948,
  1.7753451191326748,
  1.851248495782019,
  1.772810839144433,
  1.7967273196682962,
  1.8856401026659184,
  1.8952709548170596,
  2.062298631027362,
  1.893062896927045,
  2.1906003254369786,
  2.1355649878024763,
  2.1737702233997864,
  2.1972662242055483,
  2.1469507366801843,
  2.233630870593804,
  2.108031236689584,
  2.2969623961418004,
  2.3678666960262715,
  2.4371371784004894,
  2.4204009676903215,
  2.3911661243182727,
  2.3279492808198916,
  2.403723377205403,
  2.340759665354343,
  2.4364100086794536,
  2.439741778602817,
  2.5248499334218866,
  2.5626827002508428,
  2.61292017407441,
  2.6678663589510263,
  2.7964406712335474,
  2.850018644726553,
  2.7686028176495316,
  2.794405501229661,
  3.0393757582899226,
  3.693804412182511,
  2.9261268580248307,
  2.8432685846105756,
  2.9366701713530494,
  2.9615657259488506,
  2.8635846382826022,
  2.9097071662841545,
  2.618073419901759,
  2.435875304150604,
  2.4214004707512022,
  2.325807110165541,
  2.3170433143688687,
  2.2590396282658713,
  2.1796590977844708,
  1.9095360248317277,
  1.7420960610609224,
  1.6451361563222702,
  1.7148700876671514,
  1.7204878246527708,
  1.760536066942585,
  1.6634574217545417,
  1.632490960549867,
  1.5273955221113025,
  1.4029123624158266,
  1.3345826296372942,
  1.3349897755179796,
  1.2751757467177232,
  1.2577560115210225,
  1.3749037762816603,
  1.4220677721778994,
  1.4638334660985381,
  1.4355145078631169,
  1.3438422554474951,
  1.3878217871459215,
  1.4439546195005175,
  1.3384925686161908,
  1.374793253927431,
  1.3281884723807316,
  1.398030780344225,
  1.3988221206598195,
  1.4180383094013567,
  1.3948739563513546,
  1.2987220946438587,
  1.2363947280409555,
  1.2606439707882726,
  1.1880324249864098,
  1.1702841766611125,
  1.1707603499486798,
  1.1476226182067208,
  1.1652203228121705,
  1.2094195222231112,
  1.2497805622372429,
  1.2437088143465729,
  1.2821493841616947,
  1.256953873065113,
  1.2983705395363587,
  1.2884771464173967,
  1.2458943985496884,
  1.2591864487971687,
  1.2990422789922906,
  1.2654060849052353,
  1.2567522098992567,
  1.2761525522880905,
  1.4219597573137828,
  1.2402207263557639,
  1.2440340886134693,
  1.1987956300695688,
  1.2163570137675705,
  1.3130238614690795,
  1.217479972684961,
  1.2181652065550854,
  1.2840889874470252,
  1.2298310033159803,
  1.2768334254589797,
  1.3034356207433204,
  1.3312738781022455,
  1.2978081369956171,
  1.3090929923440047,
  1.3215037338591535,
  1.3015456033029376,
  1.2109611388128523,
  1.209330380082253,
  1.2348911754133216,
  1.182528662141969,
  1.2308713364028823,
  1.155368468726704,
  1.1493027517581227,
  1.1511827394337495,
  1.1228479420320818,
  1.1338669736836329,
  1.0848663495317235,
  1.082779383670501,
  1.1732410296758897,
  1.0416510554388754,
  1.1089042946830037,
  1.1829024350223611,
  1.190646415778667,
  1.192573377336096,
  1.2017178193459206,
  1.3010531668176974,
  1.2266485047184932,
  1.2781984361381062,
  1.2703003610969774,
  1.3713546173379716,
  1.2918897320940805,
  1.294446562961629,
  1.3004015947255831,
  1.3598580885209341,
  1.3934983173868463,
  1.4370365648033632,
  1.3942590231162175,
  1.3324604435115337,
  1.3783827399567674,
  1.4041443583509567,
  1.3190264590511702,
  1.3903792597137197,
  1.4428802668826988,
  1.4303908110376997,
  1.481626788823064,
  1.4525459623906722,
  1.453860380172465,
  1.466796741121939,
  1.4640583943649568,
  1.5374366193246782,
  1.3980238382548993,
  1.5749941731461774,
  1.6516254561045525,
  1.7107287324164417,
  1.7544928482514688,
  1.9118819771646867,
  1.9210814931044804,
  1.9166458012991119,
  1.7088313773707955,
  1.5798029013147883,
  1.5207934910681917,
  1.5568472470989085,
  1.6123816977148488,
  1.5849045153564072,
  1.4722279834246461,
  1.6810585973404797,
  1.7297639782389287,
  1.7587016927828572,
  1.7979620309819202,
  1.7390038258643092,
  1.7003047290578668,
  1.6704675701628828,
  1.7467873934018425,
  1.7182515128265887,
  1.7527888796030788,
  1.7445048240507104,
  1.7250288321019263,
  1.7393091007497399,
  1.7027519105309377,
  1.6466382281582232,
  1.6445048003106675,
  1.5835194522787943,
  1.578836560119053,
  1.5439051749985546,
  1.5384445374022748,
  1.525683737791769,
  1.5008123333135461,
  1.5612113530995426,
  1.6085345867578236,
  1.5955885564654555,
  1.490497997949632,
  1.4595994467986229,
  1.4159255649633264,
  1.6952302196912505,
  1.4840885189486694,
  1.4994273242722627,
  1.4487959243925905,
  1.374595239100892,
  1.3947174662336626,
  1.4523310776920804,
  1.5088350253093483,
  1.5193747875312815,
  1.5654494204331668,
  1.6238810616557857,
  1.6217352436537076,
  1.5584284389995635,
  1.5853884029452372,
  1.5356285154554294,
  1.5268428801054956,
  1.5204524057799826,
  1.5050167066751898,
  1.4126542128233064,
  1.4335417050147319,
  1.4350634403585831,
  1.4061185639729135,
  1.3771287228627005,
  1.3559902963426849,
  1.3424714256732284,
  1.3468906394267584,
  1.358834581646077,
  1.3473691747721446,
  1.2969525450992188,
  1.3413334860927502,
  1.3274369265196801,
  1.3215518368625714,
  1.2892219413290404,
  1.2933415972716946,
  1.295263746088901,
  1.3361176984742307,
  1.3164760755321543,
  1.286202561538565,
  1.2613579703279094,
  1.2733546267994542,
  1.2754133745849077,
  1.2308375915965608,
  1.2102558288081025,
  1.2380374746461984,
  1.2391500008662375,
  1.2349914937009145,
  1.226557569677229,
  1.217940822588981,
  1.1422297864069224,
  1.2217520636536645,
  1.122547647555175,
  1.1230539865583549,
  1.1322904040413717,
  1.110814244964357,
  1.0875562146456432,
  1.110985844081466,
  1.1738378207007951,
  1.2203796905696354,
  1.176162063876245,
  1.173854531792518,
  1.1958958548695693,
  1.199343743288254,
  1.1856887680128014,
  1.203608458327745,
  1.1945991696543674,
  1.1645860090280415,
  1.1289514609030493,
  1.0879539330433328,
  1.0971993860337776,
  1.0860802190654677,
  1.056824113816079,
  1.0801556051932917,
  1.0403052297244229,
  1.1005298489227247,
  1.122617194000476,
  1.1021865138514875,
  1.1061436565482299,
  1.0881036474632673,
  1.0838776128834022,
  1.0815002686752584,
  1.0794974714147276,
  1.0405600543844142,
  1.05255228960001,
  1.041241864853864,
  1.0192409196672039,
  0.9672981051707376,
  0.9819883554607625,
  1.0104404824081883,
  1.0118969728830634,
  1.0003372121859033,
  1.007934962952884,
  1.0115008756251347,
  1.0405402618225532,
  1.0450183007156515,
  1.0111077447296872,
  0.982172269342328,
  0.9875542879251538,
  0.9967322408303955,
  1.031378826189097,
  1.0735676345937042,
  1.0998053615126915,
  1.112712937388781,
  1.115175609181694,
  1.1078929643579316,
  1.0764109359386809,
  1.087916893605449,
  1.0963188257455094,
  1.0735453732174496,
  1.0769518655714225,
  1.0814476406887634,
  1.0761873760919045,
  1.0597928911117176,
  1.0691252535745308,
  1.0684233950588473,
  1.0661515014719105,
  1.0918084618260486,
  1.0563802384024736,
  1.0284632883361424,
  1.0453920585882135,
  1.0477718097323319,
  1.0345012300248497,
  1.0644602889254793,
  1.0459819001141117,
  1.0578512494471455,
  1.0338185301819633,
  0.989875473291156,
  1.0295022099289395,
  1.0829236143288778,
  1.0548140937700705,
  1.0353602345881745,
  1.0073762897704366,
  1.097415257480117,
  1.0936775892375763,
  1.0090369514895388,
  1.0602013156904155,
  1.0784819969998016,
  1.0499633983450758,
  1.0755324994981217,
  1.0293583496224077,
  1.0142394677238018,
  1.0343375642458987,
  1.0529645817734847,
  1.035272521183887,
  1.005862452378592,
  1.0462124148439051,
  1.031772010747144,
  1.0349035697141307,
  0.9856382338529639,
  0.9807016997503357,
  0.9912455137634351,
  0.9944902585236183,
  0.9937533998820884,
  1.0014846364276306,
  0.9940013944242047,
  1.0158070478919556,
  1.0093112549301095,
  1.012543762090436,
  1.0814573472763518,
  1.066840664646929,
  1.0359593418961306,
  1.043433744714173,
  1.0902497468700316,
  1.0893516876369487,
  1.060172540661456,
  1.048165801879858,
  1.0543859798152126,
  1.0499384459100634,
  1.0454878350672612,
  1.0455767983170796,
  1.0754483629834521,
  1.0624405297066317,
  1.0429415499090717,
  1.0516337500688289,
  1.049741298838592,
  1.0512878791261366,
  1.072769407218404,
  1.0026295297856365,
  1.0007089639614413,
  1.0204347518232195,
  0.9354641950774856,
  0.973573244457515,
  0.9401190220705782,
  0.916970578045294,
  0.8962763808949206,
  0.8706874411378179,
  0.7804277841193147,
  0.8139073715151562,
  0.8063559042407589,
  0.8110467197488794,
  0.863062307300962,
  0.8688911787627915,
  0.8519804362041051,
  0.8261028419838737,
  0.8516922230146694,
  0.8529193927201576,
  0.8333870398564582,
  0.8511841185838508,
  0.8702835632391066,
  0.9090498295693435,
  0.8938706701067741,
  0.8746979982754477,
  0.8780827204091729,
  0.8790597619984954,
  0.8678006681285244,
  0.8852774908650181,
  0.892989030653176,
  0.9007749529376918,
  0.8927276309834548,
  0.8906988609964058,
  0.9298848984776616,
  0.9638971753611397,
  0.8903475373985001,
  0.8833087215966997,
  0.9346117376591989,
  0.9321039169096456,
  0.9347036990243279,
  0.9692902450643797,
  0.9256373487915852,
  0.9456154405914857,
  0.9437062540655871,
  0.9114027863864883,
  0.9462886686572126,
  0.9399726347268788,
  0.9639637593802295,
  0.9221677363340223,
  0.9560682263260075,
  0.9388864725267756,
  0.9637404779330759,
  0.9091890893119646,
  0.906640839875621,
  0.9318964047071852,
  0.8416775974728112,
  0.9088257272915422,
  0.9405494006885148,
  0.9566743551471465,
  0.9808175148395557,
  0.971762793722683,
  0.9939750027325789,
  0.958976499235315,
  0.9799857341187233,
  0.9482979545336869,
  0.9934809093568028,
  0.9613908077289084,
  0.9581049073365578,
  0.91063677067637,
  0.9766613630940901,
  0.9887262209327031,
  0.9601637134821792,
  0.9638170603513104,
  0.9574318977158449,
  0.9660461708342661,
  0.9538884994415205,
  0.939998218017346,
  0.9351779595376739,
  0.92092887782327,
  0.9317219062347094,
  0.9370779699914659,
  0.9262472946565437,
  0.9388539247728542,
  0.9653796262575848,
  0.9662003101040525,
  0.9845539332825555,
  0.9834039561151634,
  0.9684189552345128,
  0.9715088432744893,
  0.9888156307338573,
  0.9548822116450804,
  0.9925085781086199,
  0.9488663584623139,
  0.9230272245518698,
  0.899990809173737,
  0.9057706882866816,
  0.9061708570049178,
  0.9249051953718773,
  0.8968609197539283,
  0.8595268993675323,
  0.8803501890001828,
  0.8020013976959806,
  0.8210323642391396,
  0.8049353382085747,
  0.8303171692138263,
  0.7953152392738347,
  0.8070331598001409,
  0.7518365557021447,
  0.713784311122007,
  0.7246205441760172,
  0.7553141302572918,
  0.6321286822348468,
  0.635570547443804,
  0.508210148222503,
  0.5152306326682216,
  0.6107817307999591,
  0.594180486338531,
  0.571331094948641,
  0.5899640142448781,
  0.6461745737260762,
  0.6010460819064173,
  0.6078857150628205,
  0.6070551867906487,
  0.6022806592549559,
  0.5845740319666899,
  0.614046990902313,
  0.5690291242399732,
  0.5859362736462198,
  0.6455567387490512,
  0.6700287574272628,
  0.6656728887456606,
  0.6514068454827039,
  0.6045849402998644,
  0.7279082138297217,
  0.6986998617726466,
  0.7015075020509279,
  0.6687858729821664,
  0.665904670724585,
  0.6642625894822425,
  0.6561718888072389,
  0.6735006141618473,
  0.6739050000332197,
  0.6322658074228419,
  0.6113297113306354,
  0.6269141671610321,
  0.6643510624715598,
  0.5915536182554826,
  0.61761131051126,
  0.6636418455276482,
  0.6920921225338467,
  0.7157904631408097,
  0.7705104259761285,
  0.7129420683744956,
  0.7113408328609496,
  0.7554826890451546,
  0.7476191125130578,
  0.780805531589331,
  0.8459843436860192,
  0.8353346910176999,
  0.8542063467867972,
  0.8295025350277653,
  0.8023662800529296,
  0.7787849646553198,
  0.7235760008178754,
  0.7540968251142898,
  0.7551593079444271,
  0.7530140052633332,
  0.7182433216504811,
  0.8099455504050332,
  0.7984582173270101,
  0.8839386096496884,
  0.8872310842381463,
  0.8929389495046754,
  0.9242621029772421,
  0.8765292330410147,
  0.8680753192581475,
  0.8429922416148176,
  0.8666194431231221,
  0.8948054995935687,
  0.8798576028853935,
  0.8972593755558883,
  0.8743136618103072,
  0.9952784599249299,
  1.0830465492865706,
  1.0897196539749625,
  1.0814095051923094,
  1.093419561927038,
  1.0864706722075859,
  1.0844107323009695,
  0.9748699799738149,
  0.9970708335330448,
  1.0075529126006206,
  1.0470617530338904,
  1.0536313167220062,
  1.06804778346052,
  1.030518739430276,
  1.0551470256128768,
  1.1963097407541008,
  1.1908790971822536,
  1.194028770378239,
  1.2110872020620227,
  1.199872399700583,
  1.2076850824745844,
  1.2013369157814715,
  1.2217844199559054,
  1.2256081422482392,
  1.2598373102490579,
  1.258741197085236,
  1.2641621297739427,
  1.2601400526353685,
  1.2500302563175398,
  1.2142295509147056,
  1.2175991208093915,
  1.181091296995636,
  1.1649922186761559,
  1.1450802068859223,
  1.0916052963147156,
  1.075786654589453,
  1.1175420699966716,
  1.1004365075284734,
  1.0717285855040144,
  1.083401138653928,
  1.1068689121974797,
  1.05152279206476,
  1.0573254966650427,
  1.00630798878884,
  0.9563779837372328,
  0.9514359178856614,
  0.9580412292941114,
  0.9506294489833488,
  0.9589946489644015,
  0.9447383520672921,
  0.987431854253733,
  1.0570398783481718,
  1.067571805065823,
  1.05282969838539,
  1.0485390749897627,
  1.0242940648777035,
  0.9927337646855935,
  0.9728188615698398,
  0.9594522257076837,
  0.9092779270131354,
  0.8932408961456582,
  0.9258100750450429,
  0.9192825050327424,
  0.9046973572494958,
  0.9182598887913661,
  0.8611709918382119,
  0.8624245700249176,
  0.8788481509788377,
  0.8851543076926741,
  0.9052673034816634,
  0.9373711298361754,
  0.9865518909629912,
  0.9407588981577854,
  0.949566269547199,
  0.9554515332958091,
  0.9688966272849089,
  0.9945959704060287,
  1.0632416919576666,
  1.0442876595480548,
  1.0527645874105154,
  0.9797328033571492,
  0.9863066124837111,
  0.9847922687704607,
  1.0020704127394868,
  0.9872783937177388,
  0.9909349915417962,
  0.9890960006788359,
  0.9483818281290212,
  0.9542519547853094,
  0.9443242276226719,
  0.9832274557554277,
  1.0565905290154416,
  1.0268350041722762,
  1.008327452679925,
  1.0547241903958127,
  1.0527627619240754,
  1.0334572753282467,
  1.0676644185823283,
  1.162290971703439,
  1.1414086569597544,
  1.1594194662530435,
  1.1817979424276406,
  1.169131853959902,
  1.1794927190623146,
  1.1346073979597473,
  1.091438068526781,
  1.070395651466693,
  1.0686250900559902,
  1.1390765816336361,
  1.1318265408052908,
  1.1510921908083518,
  1.1250416770573333,
  0.9932037835708328,
  0.9325361725062082,
  0.8650114144281047,
  0.8939851632283735,
  0.9064966356646205,
  0.9312092625521251,
  0.867825364212512,
  0.8831182842198654,
  0.8836186288062579,
  0.9057906173838616,
  0.8856591144541014,
  0.8849293728601879,
  0.9077271768608286,
  0.8657057038352498,
  0.8971265614697652,
  0.9231148776010374,
  0.9234619081259141,
  0.9628586194269916,
  0.9662248561825454,
  0.9673796692546538,
  0.9470078255384814,
  0.9620727257317271,
  1.002994219110289,
  1.0194616496653601,
  1.0527041791938896,
  1.0639373388332196,
  1.0501338735359467,
  1.002048649447746,
  0.9945615014358262,
  0.9983362237379573,
  1.0218148006714884,
  1.0312482017028322,
  1.0315147768983568,
  1.0329942004723964,
  0.9910358943883864,
  0.9866170802136613,
  0.9892049121862668,
  0.9411445348477346,
  0.9072899651981664,
  0.8993160443482143,
  0.9013078317002671,
  0.900039621058421,
  0.868205013653668,
  0.8726326556665118,
  0.8585910520141609,
  0.8418735633212822,
  0.8393349772109576,
  0.8396225067983764,
  0.8357608755809873,
  0.7703068224543113,
  0.7271520629394582,
  0.7155832027364644,
  0.7432312907882874,
  0.7457056527973591,
  0.7422256806442563,
  0.7394063600112231,
  0.7578165149207732,
  0.853157829652934,
  0.8104969947397479,
  0.8249888585665544,
  0.8248375646761226,
  0.818270849207754,
  0.8870536946187342,
  0.9492463653077015,
  0.9465191189995509,
  0.9708157557910393,
  0.949874501782009,
  0.9015697691325049,
  0.9056931704286365,
  0.8933360847222813,
  0.9717317560078697,
  0.9318780319817227,
  0.9153636507850534,
  0.9226075380732236,
  0.9185136066753818,
  0.9208263825742202,
  0.9509606132388398,
  0.9530046676276966,
  0.9269011612226826,
  0.9283572694377739,
  0.9757575221914326,
  0.9777758284350625,
  0.9471988917457194,
  0.9375992501487638,
  0.9482297638481599,
  0.9843508899781258,
  1.0848181447834915,
  1.058466676015983,
  1.0637959993140513,
  1.0812287553072724,
  1.0801405271047408,
  1.0635506214144106,
  1.0485584033873034,
  0.9948600218724722,
  0.9797469058199281,
  0.9699054168301794,
  0.9735855688336278,
  0.9961982987086219,
  1.0635607896990034,
  1.0699929665900778,
  1.0479702156332449,
  1.0433314367194495,
  1.0401272634748975,
  1.0535367037629364,
  1.0322570843134933,
  0.9627802622013808,
  0.967803214354204,
  0.9672567040317991,
  0.9611166948247216,
  0.9620602515951431,
  0.9463055746244458,
  0.9584084924536688,
  0.9875879062520595,
  0.9506680307976495,
  0.9389574565720262,
  0.9623727982938998,
  0.9627744836587495,
  0.9592485798615074,
  0.9227331176354556,
  0.907877716824592,
  0.9339868663180065,
  0.902397965881308,
  0.8290396851218333,
  0.8111522793061393,
  0.7551012845519055,
  0.803847677006704,
  0.808254473691795,
  0.813661152760548,
  0.8387520613448927,
  0.8507114968636605,
  0.8651619461559491,
  0.8320597041154855,
  0.8285790812454675,
  0.8457046588507474,
  0.7879493360186877,
  0.866719338603909,
  0.8706309185239424,
  0.8705858942821539,
  0.8550482916371265,
  0.8211126846413795,
  0.8490573002284123,
  0.9343737750090443,
  0.9289009463696621,
  0.9572541942906551,
  0.9595267636354529,
  0.9667310999622063,
  0.9979757418187135,
  0.989852230005431,
  0.9625644580713666,
  0.9574968503679822,
  0.9615523719120739,
  0.9607976727601084,
  0.9477333213084232,
  0.9763429172786658,
  1.017458336508165,
  0.9914619655469818,
  1.0374546488181369,
  1.0133439336392596,
  1.0189324124305676,
  1.0190379722882146,
  0.9840235472169454,
  1.0044067759558302,
  1.0106987926464106,
  0.9657614498298218,
  0.9875507210736812,
  0.96835920889608,
  0.9762950472506494,
  0.9595034023749434,
  0.951234051007758,
  0.9752258777394086,
  1.0006820590496357,
  1.035963584372411,
  1.0392141434559596,
  1.0384927226377627,
  1.0131144635854061,
  1.0585991588874224,
  0.970889649042186,
  1.0018644157203027,
  1.0239519130483115,
  1.0462613448521063,
  1.0627943284111236,
  0.9848672393262943,
  1.0154471697075031,
  1.05594830390606,
  0.9851372083913619,
  0.9358050869652111,
  0.9365357321731951,
  0.9314389652250489,
  0.9616078163558516,
  0.9361402446702193,
  0.9816370327130454,
  0.9920510036521112,
  0.9923237229061486,
  0.9835650601947651,
  0.9973793151772636,
  1.0138912489689602,
  0.9836616844167303,
  0.999716463486556,
  0.9823513997221137,
  0.9876522299935465,
  0.9821728503044338,
  0.9396033440109653,
  0.951109239382517,
  0.9999501190813807,
  1.025707724543041,
  1.035160774591326,
  1.0262794423314612,
  1.0328923627820372,
  1.031218901479576,
  0.9930232842573725,
  1.0154387113059649,
  1.0217071432942884,
  1.0158737942887963,
  0.9868806915969895,
  1.010898144801502,
  1.007432597399905,
  0.9923524872171735,
  1.013587067152209,
  1.0421579283357638,
  1.005801395108296,
  1.031497230434712,
  1.024368646055385,
  1.0311545235769042,
  1.01138413562466,
  1.024053588325643,
  1.0212923327521304,
  1.012593951896471,
  0.9924269684762214,
  0.9971951563199541,
  0.9994340363153674,
  0.9348789157822239,
  0.9799046382105342,
  1.000701950744615,
  1.0333915866548256,
  1.0388631215727315,
  1.0350314560035818,
  1.0339940369124216,
  1.1213343365654582,
  1.1351374298487367,
  1.1457547669779904,
  1.1641014855103484,
  1.160260531716071,
  1.1621650765240834,
  1.16683768419842,
  1.2394987820882528,
  1.2450008778740589,
  1.2580148752379867,
  1.3566784372960174,
  1.3986999498677621,
  1.400466420875856,
  1.402627313534431,
  1.379887212799546,
  1.3806235666767221,
  1.4005405791092769,
  1.3681895261433896,
  1.3499270526652631,
  1.356136314179463,
  1.3420389371030725,
  1.365690990983043,
  1.3819345260388736,
  1.396843604515079,
  1.348949547805816,
  1.370635279170019,
  1.368876429655828,
  1.372692380887177,
  1.3809255579661788,
  1.3511809041056932,
  1.2880250712980388,
  1.231811899587234,
  1.1952156236643539,
  1.1965311223783306,
  1.196542307596998,
  1.1714261420779852,
  1.206195653886925,
  1.1782222002966567,
  1.1840353837797293,
  1.2050741068617636,
  1.2043264651451977,
  1.209798481240509,
  1.2188025863928662,
  1.1886804659684818,
  1.1872741746867959,
  1.19888617005708,
  1.1628917627120445,
  1.1608130281393456,
  1.1566741517450865,
  1.1829664800500934,
  1.166843057703963,
  1.208090308314765,
  1.1858533578715444,
  1.1892706251638279,
  1.1910633280993066,
  1.187354942909809,
  1.2159847376958068,
  1.2683932679120682,
  1.2551501534671454,
  1.2709572215981233,
  1.2557822646193295,
  1.2524776505492272,
  1.2476177642682165,
  1.2552134739796497,
  1.2488188166092933,
  1.2553059701831506,
  1.2403361169594054,
  1.2677759337935275,
  1.2682643568411582,
  1.2713795687449467,
  1.2553879982758598,
  1.2409225079862398,
  1.2014285767221682,
  1.203172619178239,
  1.1805820724916525,
  1.1823778157462035,
  1.1838970517754053,
  1.1736064977579928,
  1.1492960490505586,
  1.1329754074815666,
  1.13133258483852,
  1.1195530502595505,
  1.1195605366261296,
  1.127942670658256,
  1.1428665317117406,
  1.1103636350868837,
  1.0988418116573764,
  1.1167664325363365,
  1.119142131700316,
  1.1168100812079318,
  1.0762689230506575,
  1.0980091465892567,
  1.0413046210263373,
  1.0574004289844894,
  1.082297014569687,
  1.118243154128397,
  1.117353872554915,
  1.1187038124838593,
  1.13235719642459,
  1.1403553780223603,
  1.142351793357162,
  1.1095750109082816,
  1.0868393905392184,
  1.0868664169209858,
  1.0749433352063629,
  1.0480741325006206,
  1.0829270890128904,
  1.0659622624104865,
  1.0936317948426393,
  1.0757328254629415,
  1.0672666288045858,
  1.0645806838665668,
  1.046743843757817,
  1.149791507696916,
  1.1519567850355579,
  1.1105293960413343,
  1.1005132756748217,
  1.0947096521589368,
  1.0804814059211179,
  1.117403861211432,
  1.1193648750355238,
  1.10354275705423,
  1.190029770767557,
  1.1979296034030957,
  1.1859827757646095,
  1.1870939941743468,
  1.202358519953829,
  1.224575562829003,
  1.2197463404525437,
  1.2341300184352695,
  1.2507111051633635,
  1.2566355560293874,
  1.2594683640138775,
  1.2677230510388215,
  1.2379689871349462,
  1.224187910911803,
  1.2398565293686707,
  1.2177221939395781,
  1.218087668957266,
  1.191995451885226,
  1.2436820959572084,
  1.2617947778451943,
  1.243572871641007,
  1.248332404201778,
  1.2641130745716767,
  1.2615541414868037,
  1.2722470354993838,
  1.2187670481479609,
  1.2255957646271443,
  1.1142239702936156,
  1.0991196026478807,
  1.1345617974392517,
  1.1119264501557578,
  1.097962600656285,
  1.1160324449513213,
  1.0897985397677619,
  1.081752076085388,
  1.097317891998489,
  1.128905818058834,
  1.1402815552461223,
  1.1388825039354904,
  1.1209900423639416,
  1.1204656083337208,
  1.1365178232721578,
  1.1259800345672342,
  1.1316366048820439,
  1.1233219018744907,
  1.14709619550567,
  1.116124874210603,
  1.124265215389283,
  1.09281407080773,
  1.1034905921596654,
  1.1707636679215954,
  1.1776790984219334,
  1.1974847777240452,
  1.1810923219617346,
  1.2665440343849248,
  1.3768170451863764,
  1.3972199832206338,
  1.337949604739197,
  1.336124705422706,
  1.3327014987352592,
  1.2753063437411936,
  1.3590605257322748,
  1.3134033829096168,
  1.3237711774862133,
  1.2743499823331637,
  1.2793760970969035,
  1.2807182018342567,
  1.1353847033751046,
  1.1157805931683686,
  1.0818779377042442,
  1.0312087280657887,
  1.0103991451183079,
  1.0106535033481632,
  1.0359490157097118,
  1.0185085648670706,
  0.9963281952243198,
  1.041115499381188,
  1.0516737480408722,
  1.0306695341442391,
  1.0295024638764734,
  1.032471121202538,
  1.0613414610757637,
  1.007571420912013,
  1.0035308209635325,
  1.0222942146177414,
  1.0545680026206978,
  1.0469771360071465,
  1.0490807977509093,
  1.0585037191852402,
  1.0786093543368038,
  1.0496567524334197,
  1.0423389269771937,
  1.0327021830847603,
  1.0373528078887233,
  1.0473081203508334,
  1.0256048999290501,
  1.0261634402233468,
  1.0176534433125402,
  1.1519502662059646,
  1.2170312038364617,
  1.2011320570271473,
  1.1881333102823002,
  1.2750787748944385,
  1.2243896644771017,
  1.3188017230638802,
  1.2272826478012453,
  1.190681742748033,
  1.2021409181586309,
  1.1915419579919826,
  1.19944433461012,
  1.1970456712604576,
  1.1522264639567423,
  1.2340462377291894,
  1.2029934478144433,
  1.183418632837378,
  1.1797096901844413,
  1.2969101743573406,
  1.3558199781098594,
  1.3677301695610369,
  1.4838080896695118,
  1.5346915356044961,
  1.5448548444964099,
  1.517034965930592,
  1.7332253297572981,
  1.4624734452315167,
  1.6736130943510792,
  1.7245210439695093,
  1.85303383529347,
  1.847656187603842,
  1.8337115542016378,
  1.8269723256608097,
  1.9789226468242849,
  2.1454492843324426,
  2.085099133000054,
  2.2799342179134547,
  2.4226556534870975,
  2.3137094874110185,
  1.9750737122392032,
  2.0326041123286878,
  2.0216608452997002,
  2.167968677111157,
  2.119990039124167,
  2.1106102031426777,
  2.011035992274929,
  2.355296292864125,
  2.380945184839216,
  2.453101457102747,
  2.1390789053679704,
  2.16515829950805,
  2.1728533972239776,
  2.121425725525907,
  2.084699740206471,
  2.141685946399235,
  2.1610638462323415,
  2.0933836555755883,
  1.8832155521258,
  1.854283224458507,
  1.8418136474368303,
  1.8751794908631383,
  1.8503625199700606,
  1.969570859164013,
  1.9664125009481337,
  1.9548158813116199,
  2.058171691589254,
  1.9981456168267466,
  1.869858157719132,
  1.7446828463440454,
  1.7212716005294393,
  1.6887816719572941,
  1.6326820719459851,
  1.6037718057565782,
  1.605446475954436,
  1.758651938873758,
  1.7896089169850968,
  1.7481374216764396,
  1.7078067486180601,
  1.7857074801037793,
  1.7951733696871375,
  1.80387458434432,
  1.6755364174411487,
  1.4530852727585999,
  1.4603174647804826,
  1.5803808896343234,
  1.6088497716391164,
  1.5836275793929553,
  1.5801734834639096,
  1.661908065038275,
  1.6688833737144337,
  1.6672680393280488,
  1.658076162142554,
  1.6064698307830965,
  1.606445160629384,
  1.5893297697563435,
  1.6387374884044272,
  1.7440907580649376,
  1.8769822665237563,
  1.8262679187278448,
  1.955002181995462,
  1.958245983803733,
  1.9778182157240847,
  1.9999878576321974,
  1.952674578274438,
  1.9712473511445274,
  1.8805032963029176,
  2.0340824856277036,
  2.0123560339466273,
  2.0343202119020787,
  2.008626521552336,
  2.0294335608652783,
  1.9816472760349408,
  1.8648110133958662,
  1.8687104106841848,
  1.8627619671970945,
  1.8615339738359524,
  1.9567903262755655,
  1.921222098628592,
  1.972384309630951,
  1.9369616711162967,
  1.9043781844248706,
  1.9053897151882835,
  1.896027491438327,
  1.9041566593805122,
  1.9112233113023591,
  1.9441706349601335,
  1.8389580517538153,
  1.8743342665403098,
  1.8692398511493988,
  1.8566720382347883,
  1.8754083005998075,
  1.8662167863124044,
  1.8714008352978366,
  1.9042653796935065,
  1.9501576748652978,
  1.9454113513229618,
  1.9784127617675036,
  1.9177204086917599,
  2.038794069733103,
  2.0194414919000003,
  2.0859672696603506,
  1.9238061665069475,
  1.9058835027658192,
  1.85142647458396,
  1.8308826917773837,
  1.7929982459588687,
  1.822934267091294,
  1.9251935082494063,
  1.905621752007865,
  1.8519811328207338,
  1.933371105265305,
  1.9173488956917368,
  1.890494919245693,
  1.9049906468274913,
  1.9958240450680218,
  2.0322893817185252,
  1.9865707848737795,
  1.9357252807258454,
  2.092495048647748,
  2.153812799519353,
  2.08905613670926,
  2.0479033803463143,
  2.245950864722633,
  2.2307860963642203,
  2.1983534702999807,
  2.243781822989572,
  2.2001167428412765,
  2.1555649992292167,
  2.0574789218541825,
  2.174209849692903,
  2.177375189690505,
  2.1632583583598617,
  2.124191444737022,
  2.041253687605013,
  2.104739352273442,
  1.9845070282411532,
  2.022746622279356,
  2.0472466414128525,
  2.137535802412373,
  2.080010074964676,
  2.0963648093018206,
  1.9439522225245203,
  1.8906073530131942,
  1.9076461539362308,
  1.9055897228735543,
  1.9778394716562704,
  1.900162508203329,
  1.916303126675369,
  1.9042096213899018,
  1.966404575824006,
  1.9380333422252793,
  1.9189763198940535,
  1.95162452415651,
  1.9518208931825407,
  1.943585371348726,
  1.9832905855306922,
  1.9012207561489993,
  2.007942492352157,
  2.005294497140657,
  2.0004771061364037,
  2.004266857869766,
  2.0186580970925916,
  1.919841956094357,
  1.9149759912815991,
  1.9216480840467176,
  1.9265223762693195,
  1.9817856292613807,
  1.9218755153783735,
  1.8272660095068385,
  1.8476706955311173,
  1.8265947832873946,
  1.8176726977917135,
  1.8112623397627605,
  1.7880812580892869,
  1.8780682236953776,
  1.9293022890978415,
  1.9341960294885692,
  1.9301052905852802,
  1.9333936408931758,
  1.9516362206507456,
  1.9787522158412383,
  1.9137045681556937,
  1.8018121875142759,
  1.7814134522399836,
  1.8465178871287817,
  1.840664751488132,
  1.8348036652020494,
  1.8274853141083602,
  1.9025286808658846,
  1.9226173660725923,
  1.9332181437560356,
  2.0458299832255684,
  2.151918748280568,
  2.1487511971567677,
  2.1570123599180153,
  2.138880229804194,
  2.1484633983135306,
  2.1815379745680383,
  2.160727930320859,
  2.284757711885714,
  2.283930773301937,
  2.257426121878845,
  2.402213968103231,
  2.485267844024783,
  2.5052182172581032,
  2.443759940339954,
  2.7351394215316907,
  2.7027671350723037,
  2.717458876798301,
  2.453177041328177,
  2.3285678311868208,
  2.3062675676012345,
  2.3055655531348433,
  2.534730145718042,
  2.5368085223001673,
  2.513317198215788,
  2.6123147675691643,
  2.620317065226023,
  2.5874300619431922,
  2.780405678413929,
  2.825079264809912,
  2.8093853332752214,
  2.7715597067240396,
  2.934461488087116,
  2.8529990456570946,
  2.746634528602954,
  2.7975814713432867,
  2.6560705905633952,
  2.6634763600614524,
  2.6847154855402042,
  2.6419034160842703,
  2.6386532335583386,
  2.738346914768315,
  2.8663554988496305,
  2.838273472446452,
  2.829645754378699,
  2.5350293168197786,
  2.8916703782140494,
  3.058478045541518,
  2.734797541588581,
  2.8331520389638776,
  2.821972933668978,
  2.837788564682853,
  2.8602968835505345,
  2.8829363401508767,
  3.162789197094749,
  3.4071670715913083,
  2.735924152366207,
  2.89086903619564,
  2.9269506989281227,
  2.9198870198255147,
  2.5827523052007417,
  2.291699548996396,
  2.41503069820877,
  2.422859147026129,
  2.3695087060919424,
  2.3943824959444617,
  2.373935331477427,
  2.310828618380649,
  2.2658494782934335,
  2.3944750760030096,
  2.330192364747041,
  2.3027960110380006,
  2.30273551626496,
  2.207180460409905,
  2.121080663528122,
  2.207793798462538,
  2.3001931445387194,
  2.2175560110492203,
  2.278483442490329,
  2.280422896396026,
  2.2164537947526286,
  2.1372619298887323,
  2.0196279159979285,
  1.9388046999198454,
  1.8576288491824384,
  2.0667604593291586,
  2.0780525416361866,
  2.12437014790201,
  1.933869259420629,
  2.000619533269478,
  1.988065663590825,
  1.962221316734276,
  1.9315244418811925,
  1.9112464990294369,
  1.9199342095117582
]