[
  0,
  0,
  0,
  0,
  0,
  0,
  0,
  0,
  0,
  0,
  0,
  0,
  0,
  0,
  0,
  0,
  0,
  0,
  0,
  0,
  0,
  0,
  0,
  0,
  0,
  0,
  0,
  0,
  0,
  0,
  0,
  0,
  0,
  0,
  0,
  0,
  0,
  0,
  0,
  0,
  0,
  0,
  0,
  0,
  0,
  0,
  0,
  0,
  0,
  0,
  0,
  0,
  0,
  0,
  0,
  0,
  0,
  0,
  0,
  0,
  0,
  0,
  0,
  0,
  0,
  0,
  0,
  0,
  0,
  0,
  0,
  0,
  0,
  0,
  0,
  0,
  0,
  0,
  0,
  0,
  0,
  0,
  0,
  0,
  0,
  0,
  0,
  0,
  0,
  0,
  0,
  0,
  0,
  0,
  0,
  0,
  0,
  0,
  0,
  0,
  0,
  0,
  0,
  0,
  0,
  0,
  0,
  0,
  0,
  0,
  0,
  0,
  0,
  0,
  0,
  0,
  0,
  0,
  0,
  0,
  0,
  0,
  0,
  0,
  0,
  0,
  0,
  0,
  0,
  0,
  0,
  0,
  0,
  0,
  0,
  0,
  0,
  0,
  0,
  0,
  0,
  0,
  0,
  0,
  0,
  0,
  0,
  0,
  0,
  0,
  0,
  0,
  0,
  0,
  0,
  0,
  0,
  0,
  0,
  0,
  0,
  0,
  0,
  0,
  0,
  0,
  0,
  0,
  0,
  0,
  0,
  0,
  0,
  0,
  0,
  0,
  0,
  0,
  0,
  0,
  0,
  0,
  0,
  0,
  0,
  0,
  0,
  0,
  0,
  0,
  0,
  0,
  0,
  0,
  0,
  0,
  0,
  0,
  0,
  0,
  0,
  0,
  0,
  0,
  0,
  0,
  0,
  0,
  0,
  0,
  0,
  0,
  0,
  0,
  0,
  0,
  0,
  0,
  0,
  0,
  0,
  0,
  0,
  0,
  0,
  0,
  6.86072608007052,
  6.865145347546349,
  6.747124274308181,
  7.230760694546314,
  7.171755828183069,
  7.1554103298289125,
  6.812138837382908,
  6.9277645228780385,
  6.992459006469269,
  7.042446177173215,
  7.263180093549357,
  7.207635434042815,
  7.218125747824509,
  7.323358608526806,
  7.503818173030348,
  7.378517154529543,
  7.50958829270176,
  7.385642948256956,
  7.408515003338025,
  7.279062552149492,
  7.176457227534819,
  7.215156318089258,
  7.62689991198163,
  8.172925811351298,
  7.850320011962906,
  8.114514274869565,
  8.027069813263497,
  7.9580109503737395,
  7.951948075385963,
  7.997924852858169,
  7.824619506814259,
  7.874876416709229,
  7.84376365316579,
  7.933732807031744,
  4.34658227573047,
  4.695693118056674,
  5.18754428212548,
  4.864168057935307,
  4.746561613598013,
  4.6824885671524195,
  4.749301712054776,
  4.734212884469971,
  4.7645382941933185,
  4.71078317664063,
  4.418645260390417,
  4.448607718275654,
  4.424604714675347,
  4.4145255331163575,
  4.6035765640286685,
  4.493144784869624,
  4.544464674077182,
  4.566046629443444,
  4.507870394939726,
  4.519256379268181,
  4.4683210959910085,
  4.469865468269939,
  4.605677068460079,
  4.67086348155796,
  4.888849683190657,
  4.846356255141342,
  4.746865270890834,
  4.710246811642309,
  4.689203473554482,
  4.73150962743863,
  4.677612405519642,
  4.699808980268219,
  4.7352019333622035,
  4.720202460447691,
  4.668715590147353,
  4.550339101130813,
  4.618454115382097,
  4.595770356001252,
  4.595578062621497,
  4.639251533893399,
  4.576775738695595,
  4.603780382533476,
  4.3567326044525005,
  4.185824311041807,
  3.977193948066512,
  3.9232834784565935,
  4.0146109411426,
  3.9463055333563344,
  3.9589127378636504,
  4.0014241817636975,
  4.012281493052545,
  3.9735742956791404,
  3.7959166123568484,
  3.8817169710124166,
  4.073300951496515,
  3.9033612766001653,
  3.92789833520458,
  3.9625923430935424,
  3.9838140693938127,
  3.738679048842344,
  3.835504257364285,
  3.8951010823508363,
  3.922577141075309,
  3.971171568799419,
  3.8408013965327257,
  3.893615782107488,
  3.966576731061185,
  3.8826708968795898,
  3.8783142518893596,
  3.935788132918101,
  3.913118821100423,
  4.211830505680634,
  4.69660120852946,
  5.129685512110693,
  5.161180967729806,
  4.983772476803936,
  4.857633693596643,
  5.68522215120292,
  5.609068235911484,
  5.447341814410815,
  5.550990284456859,
  5.70966284469844,
  5.222732743017776,
  5.171196714233509,
  5.34318684577511,
  4.818475180805783,
  4.7047646085108665,
  4.847983301444026,
  4.828828731224364,
  4.637574456998549,
  4.555512068551739,
  4.429575038864192,
  4.489023501719977,
  4.2809337782405645,
  3.9827240580643717,
  3.9702565772151823,
  3.848524844045443,
  3.9128716447593486,
  2.460860010410052,
  2.462727406720166,
  2.5633061413906892,
  2.401437034653089,
  2.311002248932168,
  2.1560807767803163,
  2.169600625908447,
  2.413659008884336,
  2.3637922249198726,
  2.389029815016791,
  2.3671354203144674,
  2.337122771171356,
  2.1368452875581014,
  2.0941660436952576,
  2.349876300648487,
  2.2279236693769557,
  2.305702654935071,
  2.4042810187545123,
  2.3024112970834256,
  2.3334724648790792,
  2.4489465986719705,
  2.461454522418663,
  2.6783791937602404,
  2.4585868405891467,
  2.8450090812366784,
  2.773532767853107,
  2.8231512404530568,
  2.853666316566634,
  2.788319837213785,
  2.9008943517354457,
  2.737773724522799,
  2.9831452138486343,
  3.0752311022362426,
  3.165195094813018,
  3.1434591939720375,
  3.105490882767017,
  3.0233889622333683,
  3.121799425263077,
  3.040026255632555,
  3.1642506941225212,
  3.168577779980444,
  3.2791107103995287,
  3.3282454448131285,
  4.067500906734801,
  4.15303496132429,
  4.35318502215698,
  4.4365891988042865,
  4.3098501756438665,
  4.350016897880432,
  4.731359103663141,
  5.750100192469756,
  4.5550659244510525,
  4.42608146270325,
  4.571478571476409,
  4.610233177107619,
  4.457707215205051,
  4.529505590956682,
  4.075522901544802,
  3.7918973211017577,
  3.769364524822301,
  3.620555508489553,
  3.606913014660965,
  3.5166193852731187,
  3.3930486834530513,
  2.9725513965221637,
  2.7118996509315623,
  2.560963352014167,
  2.6695173108338097,
  2.678262373354098,
  2.740604982762232,
  2.5894838420382036,
  2.541278730271633,
  2.3776779454547072,
  2.1838965318629495,
  2.0775284717931157,
  2.078162270810511,
  1.9850505030670944,
  1.9579334141446363,
  2.14029590807526,
  2.2137155241724664,
  2.278731669548123,
  2.2346478933029625,
  2.0919428181450317,
  2.1604052177376594,
  2.24778651195603,
  2.08361502602456,
  2.1401238592769456,
  2.0675747653244185,
  2.1762974327019604,
  2.1775293025015636,
  2.207442908705732,
  2.1713832433666695,
  2.021704815162096,
  1.9246805651727115,
  1.9624290650469123,
  1.8493955589647317,
  1.8217670776692119,
  1.8225083308074288,
  1.7864901065333008,
  1.8138842382596843,
  1.882688591896181,
  1.945518129699568,
  1.9360663139511158,
  1.995906279262646,
  1.956684735011951,
  1.988271204434724,
  1.9731208694158708,
  1.9079114020004269,
  1.9282663006600977,
  1.9892998785893217,
  1.9377907954011344,
  1.9245386074030082,
  1.9542474932359128,
  2.1775306457134924,
  1.8992229739261037,
  1.905062599932853,
  1.8357862864946484,
  1.8626790666783664,
  2.0107106985244037,
  1.8643987197444376,
  1.865448058689512,
  1.9664010233814815,
  1.8833125796950159,
  1.9552901543856605,
  1.9960276613206924,
  2.0386580228414943,
  1.9874099643318357,
  2.004691127337446,
  2.023696426078332,
  1.9931333664039776,
  1.8544160458622685,
  1.8519187690628516,
  1.8910615189725664,
  1.8108757213446882,
  1.8849057029650849,
  1.76928371903868,
  1.759994929732672,
  1.762873865480456,
  1.719483122975358,
  1.7363572145127066,
  1.6613196755098882,
  1.6581237818877268,
  1.7966530232570739,
  1.5951415528403223,
  1.698130395333475,
  1.8114481017495516,
  1.8233069151441914,
  1.8262577847611634,
  1.8402612068776647,
  1.9923792694387419,
  1.8784390323317208,
  1.9573804755570132,
  1.9452856885169831,
  2.100036017218438,
  1.9783467626620623,
  1.9822621882156741,
  1.9913814787550232,
  2.0824307061752347,
  2.1339459680576947,
  2.2006186481546477,
  2.1351108815016624,
  2.04047508027127,
  2.110798594925398,
  2.150248877008272,
  2.01990282939988,
  2.129169571514792,
  2.2095674529972054,
  2.1904416143714016,
  2.2689022819232663,
  2.224369101266428,
  2.2263819465571637,
  2.246192157265732,
  2.2419987657500795,
  2.3543671592689637,
  2.1408761644484966,
  2.4118812513546946,
  2.5292312439996563,
  2.619739568703821,
  2.686758134400331,
  2.9277773684172717,
  2.941865128483333,
  2.9350724926218392,
  2.616834037280415,
  2.4192451397490022,
  2.3288805576737803,
  2.384091795717727,
  2.469134967640902,
  2.427057541514305,
  2.25450933818285,
  2.5743039450456546,
  2.6488893606820816,
  2.693203385683289,
  2.7533250516796848,
  2.663038883031433,
  2.6037766790034844,
  2.558085281943424,
  2.6749583179934864,
  2.6312596449927685,
  2.6841487469460654,
  2.671462885237748,
  2.641638152782406,
  2.663506368426131,
  2.607524191987467,
  2.521594008392647,
  2.51832696479695,
  2.42493651292525,
  2.4177653246156234,
  2.3642728391877674,
  2.355910643527957,
  2.3363692802279306,
  2.2982822350955305,
  2.3907748080242603,
  2.463243660265081,
  2.443418642322787,
  2.2824872864483776,
  2.2351705169734304,
  2.168290131910155,
  2.596005784221876,
  2.2726720741149298,
  2.296161289255487,
  2.2186264474244943,
  2.104998572004978,
  2.1358129224225944,
  2.224040035683473,
  2.3105678554108215,
  2.3267080134699696,
  2.3972648099037768,
  2.486744620276154,
  2.483458602907789,
  2.3865131679138956,
  2.427798547051444,
  2.3515983034235908,
  2.338144343057874,
  2.3283582337021937,
  2.304720639413172,
  2.16328051788896,
  2.195266763719751,
  2.197597086592011,
  2.153272094241137,
  2.1088782447618053,
  2.0765077284284525,
  2.0558054863103004,
  2.062572888361431,
  2.0808633498737374,
  2.063305697693253,
  1.9857177046450154,
  2.053667777770412,
  2.0323912519004637,
  2.0233808013872947,
  1.9738816534093364,
  1.9801891114372232,
  1.9831320448172545,
  2.045682071695892,
  2.015609484559669,
  1.9692587888876933,
  1.9312201229256378,
  1.9495877750360457,
  1.9527398502159905,
  1.8844914614735921,
  1.852979459807626,
  1.8955149451754922,
  1.8972182943229696,
  1.89085135257612,
  1.8779384728283246,
  1.8647456792182286,
  1.748827216702523,
  1.8705809342454152,
  1.7186925971045435,
  1.7194678346619745,
  1.7336093834740909,
  1.700728003605456,
  1.6651184643408505,
  1.7009907328828162,
  1.7972211487268968,
  1.8684797428482185,
  1.80077971441292,
  1.7972467344823844,
  1.8309934167594553,
  1.8362723555321139,
  1.8153657107489913,
  1.8428019083605371,
  1.829008108354065,
  1.7830560304208736,
  1.7284972469278288,
  1.6657273967699817,
  1.679882779524703,
  1.6628586202419995,
  1.6180656427485745,
  1.6537876556152515,
  1.5927741694978932,
  1.6849819322641268,
  1.7187990771822081,
  1.6875183927476962,
  1.6935770325509951,
  1.6659566191693882,
  1.6594862886107342,
  1.6558464218307312,
  1.652780010500511,
  1.5931643224305019,
  1.6115252053138878,
  1.5942082180807433,
  1.5605233569490407,
  1.4809955694717938,
  1.5034872868417128,
  1.5470493218813135,
  1.5492793024103118,
  1.5315805658107748,
  1.5432132105597924,
  1.548672852050349,
  1.5931340187461798,
  1.599990184105286,
  1.5480709433819995,
  1.5037688708149546,
  1.5120090871798701,
  1.526061122965761,
  1.579107271964995,
  1.6437010492033872,
  1.6838726954749077,
  1.7036350237405413,
  1.707405532537024,
  1.6962553352396514,
  1.6480543263080087,
  1.6656706870099725,
  1.678534585127746,
  1.643666965605552,
  1.6488825243425174,
  1.655765845000887,
  1.647712041813893,
  1.6226110315982856,
  1.6368994783410724,
  1.6358248878435138,
  1.6323464727421308,
  1.671628928075676,
  1.6173860409614598,
  1.574643396123854,
  1.6005624314304494,
  1.6042059833841282,
  1.5838878729215482,
  1.629757117635457,
  1.6014655167170597,
  1.6196382534160871,
  1.5828426155834132,
  1.5155629711630971,
  1.4833820219492253,
  1.5603554855415158,
  1.5198532340257807,
  1.491822691993289,
  1.451501379182589,
  1.5812361040693144,
  1.575850598509906,
  1.4538941819516333,
  1.5276155370765359,
  1.5539556786923547,
  1.5128639975598528,
  1.5497058271373216,
  1.483174737506003,
  1.461390347551256,
  1.4903491538255396,
  1.5171883219754179,
  1.4916963081101369,
  1.4493201316344444,
  1.5074593064027073,
  1.4866525168492435,
  1.4911646958688718,
  1.420179599560249,
  1.4130666804543413,
  1.428258978245414,
  1.432934243627702,
  1.4318725238460235,
  1.443012254473591,
  1.432229852506194,
  1.4636490316191262,
  1.4542894183953996,
  1.4589470509494677,
  1.430061089026429,
  1.4107327732758081,
  1.3698969713324345,
  1.3797807200172176,
  1.4416876858309726,
  1.4405001405541222,
  1.4019152043976228,
  1.3860381381583382,
  1.394263367248116,
  1.3883821873792122,
  1.382496938733281,
  1.3826145789548199,
  1.4221151310619389,
  1.4049142712512648,
  1.379129868052719,
  1.3906239665095874,
  1.3881214906846666,
  1.3901666053587156,
  1.4185726238992966,
  1.3258234186178308,
  1.323283765564465,
  1.3493680875606706,
  1.237007588812369,
  1.2874009481024238,
  1.2431628819228522,
  1.2125526233163184,
  1.1851877289097816,
  1.151350289876023,
  1.031995769111878,
  1.076267376616356,
  1.0662817220351841,
  1.072484604424267,
  1.1938799168511978,
  1.2019430340993,
  1.1785502897411384,
  1.14275363893782,
  1.1781516024902552,
  1.1798491546293728,
  1.1528299190358875,
  1.177448738200521,
  1.2038691289463876,
  1.257494766900283,
  1.2364973331301576,
  1.209975646737222,
  1.2146577557175267,
  1.2160093039447555,
  1.2004345233760874,
  1.2246103302662292,
  1.2352777553214056,
  1.2460480741860043,
  1.2349161593933808,
  1.2321097481725933,
  1.2863160583938733,
  1.333365470648424,
  1.231623759867569,
  1.2218869184447703,
  1.2928547269480253,
  1.2893856415730451,
  1.2929819377253065,
  1.3408257403814545,
  1.2804403942348244,
  1.3080762235082646,
  1.3054352328966812,
  1.2607496279519632,
  1.3090075044370373,
  1.3002704920570645,
  1.3334575767715882,
  1.2756408558963988,
  1.3225356325891928,
  1.2987679965521903,
  1.333148710038205,
  1.2576874058424943,
  1.2541623951921137,
  1.2890985885423156,
  1.164298303362177,
  1.2571847647063226,
  1.3010683363059623,
  1.3233740946798909,
  1.3567714904904435,
  1.3442460336344608,
  1.374972332328639,
  1.326558666140505,
  1.3556208826033584,
  1.3117869631561156,
  1.374288849625944,
  1.3298983953804462,
  1.325352987182203,
  1.2596899932482268,
  1.3510222577197355,
  1.367711657026525,
  1.3282009476239396,
  1.3332546470144124,
  1.3244220084298928,
  1.3363381905958323,
  1.3195204016729591,
  1.2989767496174218,
  1.2923156692321347,
  1.2726249661056446,
  1.2875397741294201,
  1.2949412799579845,
  1.2799744479225013,
  1.297395459045963,
  1.334051134381851,
  1.33518523146301,
  1.3605479707992614,
  1.358958825655791,
  1.3382511611476415,
  1.3425210551175641,
  1.3664371797328925,
  1.3195448329321544,
  1.3715404370427793,
  1.3112315688602203,
  1.2755246562974365,
  1.2436908002356246,
  1.2516779734444743,
  1.2522309637065299,
  1.2781198106125105,
  1.2393656286477677,
  1.187774015470075,
  1.2165495690455004,
  1.108279940109982,
  1.1345786953506591,
  1.1123343313179346,
  1.1474093002982821,
  1.0990403860681193,
  1.115233295826652,
  1.038957507206155,
  0.98637338520153,
  1.0013478974088872,
  1.0437631423718525,
  0.8735340612892661,
  0.8782903499673265,
  0.7022919339709569,
  0.7119934907305795,
  0.8440348632507658,
  0.8210937234094643,
  0.7895183144464785,
  0.8152670110709898,
  0.8929439773136174,
  0.8305812403472848,
  0.8400328800161552,
  0.8388851789942037,
  0.8322872938701719,
  0.8078186334825895,
  0.848547102607301,
  0.7863372377470281,
  0.8097011054225912,
  0.8920901956203406,
  0.9259079015158357,
  0.9198885580390765,
  0.9001744158711229,
  0.83547156320659,
  1.005891104362612,
  0.9655282935726018,
  0.969408151398789,
  0.9241903684762022,
  0.9202088558820216,
  0.9179396756709307,
  0.9067591948322428,
  0.930705635266587,
  0.9312644531821088,
  0.8737235535963563,
  0.844792113589062,
  0.8663281605635164,
  0.918061935855992,
  0.8174636733744874,
  0.8534726101364464,
  0.917081874082557,
  0.9563971064339283,
  0.9891456721896046,
  1.0647627936911017,
  0.9852094960306984,
  0.9829967602372787,
  1.0439960725436135,
  1.033129452917913,
  1.078989525795565,
  1.1690596555665114,
  1.1543429774468168,
  1.1804215822792234,
  1.1462835631991535,
  1.108784168404183,
  1.0758775330224721,
  0.9996073345596069,
  1.0417713087503155,
  1.0432391098225573,
  1.0402754124466798,
  0.9922403334393998,
  1.1189253262458232,
  1.1030557805639019,
  1.2211454173542313,
  1.2256939122514552,
  1.2335792262732734,
  1.2768516039050943,
  1.2109094957728452,
  1.1992305647227044,
  1.1645787405089938,
  1.1972192978189697,
  1.2361578319167326,
  1.2155075793256542,
  1.2395478177748342,
  1.2078487236494595,
  1.3749594339027338,
  1.4962094833336321,
  1.5054282583942487,
  1.4939479361267436,
  1.5105396152135868,
  1.500939848053318,
  1.4980940778272764,
  1.3467654829932394,
  1.3774355660615083,
  1.3919163712644713,
  1.4464971293775117,
  1.455572864393701,
  1.4754889559638527,
  1.423643251256622,
  1.457666789182056,
  1.652680561421626,
  1.6451782242246191,
  1.6495294415461086,
  1.673095360548287,
  1.6576023111886342,
  1.6683953930413378,
  1.6596255140234184,
  1.687873376201129,
  1.693155780322349,
  1.7404427651737207,
  1.738928504395551,
  1.746417426180768,
  1.7408609983786587,
  1.7268944951519314,
  1.67743645942019,
  1.6820914601073775,
  1.6316565529078704,
  1.6094159634609955,
  1.5819078744574124,
  1.5080332396416127,
  1.4861800683458952,
  1.5438644297004185,
  1.5202334003605134,
  1.4805739183113877,
  1.496699342217794,
  1.529119652639094,
  1.452659975201549,
  1.4606763080707557,
  1.3901965312313338,
  1.3212191201400736,
  1.314391744346068,
  1.323516864200062,
  1.313277621947129,
  1.3248339964629594,
  1.3051391766708407,
  1.3641194881728316,
  1.4602817314622085,
  1.4748314003043321,
  1.454465442964724,
  1.4485380233000944,
  1.4150439744274224,
  1.3714439828338973,
  1.3439318995156972,
  1.3254661305693862,
  1.2561512321692676,
  1.233996360170239,
  1.2789900996967154,
  1.2699723781943832,
  1.2498232567706633,
  1.2685596521031859,
  1.1896923595841047,
  1.1914241554817828,
  1.214113039528124,
  1.2228248825092456,
  1.2506106273210067,
  1.294961490609901,
  1.362903834587618,
  1.2996416320991737,
  1.3118088585261105,
  1.3199392453856507,
  1.3385134028344274,
  1.3740165868098468,
  1.4688494263064475,
  1.442664768724227,
  1.4543754933146926,
  1.3534833867312774,
  1.3625649867449299,
  1.3604729479250985,
  1.3843423955290726,
  1.3639074851805102,
  1.3689590098307625,
  1.3664184767661978,
  1.3101725738405645,
  1.3182820490771492,
  1.3045670711397082,
  1.3583111866653643,
  1.45966096337666,
  1.4185542367255846,
  1.3929863845641217,
  1.457082649874216,
  1.454372971437747,
  1.4277027861681697,
  1.4749593442249067,
  1.6056842389658044,
  1.5768356937448809,
  1.6017173054215756,
  1.6326327709637019,
  1.6151347957431013,
  1.6294481460159795,
  1.5674398757893901,
  1.5078022174363817,
  1.478732493722009,
  1.4762864947247698,
  1.573613973292436,
  1.5635981712485882,
  1.5902133229760507,
  1.5542250030412683,
  1.372093305537436,
  1.2882820833273831,
  1.1949978348684231,
  1.2350245518652547,
  1.2523089277971213,
  1.2864489809015116,
  1.1988852562870391,
  1.220012152409775,
  1.2207033695283636,
  1.2513335761395454,
  1.2235222640430272,
  1.222514139051617,
  1.2540088985034703,
  1.1959569832963763,
  1.2393643374846206,
  1.2752667325174987,
  1.2757461489956445,
  1.3301720027132506,
  1.334822398728199,
  1.3364177523823006,
  1.3082744137776896,
  1.3290863045957308,
  1.385618617547109,
  1.4083680790350437,
  1.4542920404412714,
  1.4698104500527858,
  1.4507412090360896,
  1.3843123299298492,
  1.373968968542533,
  1.3791836800515807,
  1.4116189151633751,
  1.424650990370561,
  1.4250192592467497,
  1.4270630565173317,
  1.3690984053129447,
  1.3629938923742648,
  1.3665689360704352,
  1.3001743823055278,
  1.2534048983925514,
  1.2423890690148494,
  1.2451406877027886,
  1.2433886773294165,
  1.199409735216014,
  1.2055264436555424,
  1.1861282187503446,
  1.163033306406748,
  1.1595262949906382,
  1.1599235119853446,
  1.15458873736056,
  1.0413048845923203,
  0.9829680497541624,
  0.9673292026254813,
  1.0047040360019692,
  1.0080488918064223,
  1.0033446468281348,
  0.9995334741098983,
  1.0244204200314408,
  1.1533033194684912,
  1.0956341745499132,
  1.1152243536185857,
  1.1150198337279094,
  1.1061429126185347,
  1.1991239311098518,
  1.2831963161471847,
  1.2795096099940246,
  1.3123539336227992,
  1.2840454343943826,
  1.2187468383147169,
  1.2243208742516125,
  1.207616499669604,
  1.3135921876175305,
  1.2597177102172183,
  1.237393481345247,
  1.247185806944252,
  1.2416516085735616,
  1.2447780314095356,
  1.2855136456736314,
  1.2882768093344532,
  1.2529899496933519,
  1.2549583245703113,
  1.3190342398867996,
  1.3217625970671225,
  1.2804285304298355,
  1.2674516835503074,
  1.2818220688542277,
  1.3306508004449304,
  1.4664629731024217,
  1.4308409166128262,
  1.4380451243649641,
  1.4616108172012416,
  1.4601397444938276,
  1.4377134212071851,
  1.417446860653094,
  1.3448571011752566,
  1.3244271100234406,
  1.3111233325441825,
  1.3160981817153519,
  1.3466661909636337,
  1.4377271667487093,
  1.4464222178893666,
  1.4166517452996987,
  1.4103810191414015,
  1.406049600603524,
  1.4241765537403208,
  1.3954106502989225,
  1.301491510389467,
  1.3082815639880365,
  1.3075427884097715,
  1.299242691107763,
  1.3005181961990975,
  1.2792209395650576,
  1.2955817286506777,
  1.3350266163656728,
  1.2851181311639885,
  1.2692877142611891,
  1.300940698498949,
  1.3014836989246168,
  1.2967173633039963,
  1.2473555660684676,
  1.227273955759419,
  1.2625684437576168,
  1.2198663991115235,
  1.1207002826324413,
  1.0965199917332624,
  1.020749957089302,
  1.0866455912571362,
  1.0926027225973074,
  1.0999115002941966,
  1.133829524782792,
  1.149996353713349,
  1.1695305483926468,
  1.124782760468522,
  1.1200776358476265,
  1.1432280832953388,
  1.065154128835722,
  1.3887011562725906,
  1.3949684856326954,
  1.3948963455363033,
  1.3700012199774234,
  1.3156278899099114,
  1.3604021533292718,
  1.497100484495862,
  1.4883316442022625,
  1.5337606388239695,
  1.5374018633083728,
  1.548945011985838,
  1.5990067428609622,
  1.5859908451584015,
  1.5422690095547589,
  1.5341494345507425,
  1.5406473943939372,
  1.539438177594113,
  1.5185058190336933,
  1.5643455473457029,
  1.6302227323599525,
  1.588570044108139,
  1.6622618259733188,
  1.6236304299075535,
  1.6325845706698852,
  1.6327537039634907,
  1.5766518375149878,
  1.6093108680194337,
  1.6193922524587956,
  1.54739138995383,
  1.5823032522175993,
  1.55155364970546,
  1.5642688475880115,
  1.5373644327261338,
  1.52411486358218,
  1.5625557706202087,
  1.6033429399439485,
  1.6598727678000103,
  1.665080976451645,
  1.6639250798657879,
  1.6232627614883512,
  1.6961406195737159,
  1.55560804770982,
  1.6052373710504777,
  1.6406270660906055,
  1.6763723556691421,
  1.7028623304077068,
  1.5780036432906364,
  1.6270003401308428,
  1.6918932868862293,
  1.5784362012550415,
  1.499393804236157,
  1.5005644806015725,
  1.4923981851944073,
  1.5407362302601209,
  1.4999308107061269,
  1.5728280443867932,
  1.5895138304773224,
  1.5899507949323088,
  1.5759172266329193,
  1.598051118208641,
  1.624507365955185,
  1.576072042803265,
  1.601795814346058,
  1.5739726390061932,
  1.5824658948956958,
  1.5736865581819401,
  1.5054795620083965,
  1.5239148841418138,
  1.6021701890487448,
  1.6434403152525026,
  1.6585864657393505,
  1.6443563501423202,
  1.6549519026666772,
  1.6522705991094626,
  1.5910716671847884,
  1.6269867876560415,
  1.6370303835036002,
  1.6276838994134712,
  1.5812296974143598,
  1.61971166447137,
  1.6141589907633307,
  1.5899968825528348,
  1.6240199906056052,
  1.6697976561013534,
  1.6115453967109346,
  1.652716551708656,
  1.6412947765973445,
  1.6521674496077765,
  1.6204903433216018,
  1.640789975314971,
  1.6363657532664841,
  1.6224287715771055,
  1.5901162201583932,
  1.5977560496591199,
  1.6013432953797406,
  1.4979098463556364,
  1.5700523151032713,
  1.475114902949143,
  1.5233020470505934,
  1.531367528179519,
  1.525719345941077,
  1.5241901070294954,
  1.652936710901279,
  1.673283577012423,
  1.688934383146401,
  1.715978917142919,
  1.7103170433159898,
  1.713124495052786,
  1.7200122933736746,
  1.8271205769961705,
  1.8352311072944842,
  1.8544147827576793,
  1.9998527832148116,
  2.0617958616638163,
  2.0643997815499797,
  2.0675851105702394,
  2.034064378984143,
  2.03514982363353,
  2.0645090967314026,
  2.0168210510345115,
  1.989900701001964,
  1.9990536502783087,
  1.9782729862630108,
  2.01313800989741,
  2.0370822828346253,
  2.059059459788387,
  1.988459780471328,
  2.020426287074902,
  2.017833601881776,
  2.023458619926461,
  2.035594983005216,
  1.9917489785480271,
  1.898652217705886,
  1.8157894959224954,
  1.761843651242058,
  1.7637828018116695,
  1.7637992897207186,
  1.7267760481506733,
  1.7780290960731537,
  1.7367939828136498,
  1.7453630813180319,
  1.7763758458422103,
  1.7752737620126022,
  1.7833399524356002,
  1.7966127253007678,
  1.752210304866416,
  1.7501373187730453,
  1.767254330897322,
  1.7141956887531993,
  1.7111314673382396,
  1.7050304317141023,
  1.7437874315251733,
  1.7200202143516456,
  1.7808219685966515,
  1.7480429208786687,
  1.7530802468341713,
  1.7557228346843476,
  1.750256377609058,
  1.7924589904107786,
  1.8697133656082512,
  1.8501919531990614,
  1.8734928388969334,
  1.851123735714538,
  1.846252469640083,
  1.839088607638592,
  1.8502852927109787,
  1.840859055079237,
  1.8504216395304778,
  1.8283548757264534,
  1.8688033656250587,
  1.869523340354765,
  1.8741154124514605,
  1.850542555515428,
  1.8292192631117237,
  1.7710020421496464,
  1.7735729005520027,
  1.7402726236230366,
  1.7429196931472715,
  1.745159168853405,
  1.7299900672249,
  1.6941545168304661,
  1.6700965827111238,
  1.6676749304280867,
  1.6503109520783763,
  1.6503219875829052,
  1.6131131600809967,
  1.6344563340656701,
  1.5879727213340844,
  1.5714949290794293,
  1.5971296023491612,
  1.6005271789153284,
  1.5971920259531276,
  1.5392125936205794,
  1.5703041035044556,
  1.4892088326177597,
  1.5122280518696383,
  1.547833593616833,
  1.5992415173390766,
  1.5979697223742098,
  1.599900322147892,
  1.6194265391156195,
  1.6308650388973074,
  1.633720187419773,
  1.586844880288654,
  1.5543298160269763,
  1.554368467470203,
  1.5373168206774146,
  1.4988901651274278,
  1.5487346867331782,
  1.5244726512922642,
  1.564043888431068,
  1.5384459003334752,
  1.5263380746427797,
  1.5224968039474858,
  1.496987669252818,
  1.6443600022090274,
  1.6474566466228344,
  1.5882097822982697,
  1.5738853525231753,
  1.5655853726455045,
  1.5452370235244413,
  1.5980412130286379,
  1.600845732521546,
  1.5782179275808172,
  1.7019062529064783,
  1.7132041001449272,
  1.6961184934149196,
  1.6977076885815723,
  1.7195380599805974,
  1.751311487099116,
  1.7444050348732436,
  1.7649756727681305,
  1.7886889074079044,
  1.797161687015275,
  1.8012129920670619,
  1.8130183298902296,
  1.7704659260333724,
  1.7507570915385677,
  1.7731653710465243,
  1.7415102269517635,
  1.742032906495724,
  1.7047174472711566,
  1.7786364574494662,
  1.8045400838286505,
  1.7784802516542175,
  1.7852870378582832,
  1.807855567013872,
  1.8041959407382155,
  1.819488249912917,
  1.743004512182523,
  1.7527705159924547,
  1.5934935316432373,
  1.5718922084041604,
  1.622579421794846,
  1.590207761837431,
  1.570237536418222,
  1.5960798991474614,
  1.5585618064351603,
  1.5470542566316086,
  1.5693155143621702,
  1.6144905933383662,
  1.6307594621734536,
  1.6287586263690137,
  1.6031699453321795,
  1.602419932536538,
  1.6253768077742927,
  1.6103063205232477,
  1.6183959940971873,
  1.6065048251640872,
  1.640505335053215,
  1.596212085701266,
  1.6078538932367634,
  1.562874430588626,
  1.5781433246066545,
  1.6743530759119798,
  1.6842430926991008,
  1.7125679382410604,
  1.689124471827296,
  1.5590382860164942,
  1.6947776216308796,
  1.7198923911762412,
  1.6469341782988478,
  1.6446878387912625,
  1.6404740806101117,
  1.56982415321848,
  1.672920431589489,
  1.6167192796688492,
  1.6294814010382161,
  1.5686469307849062,
  1.5748337708266644,
  1.5764858197192197,
  1.3975891669482228,
  1.3734577056284194,
  1.331725609127041,
  1.269354909329848,
  1.2437395847533805,
  1.2440526841861217,
  1.2751899136589284,
  1.253721784757851,
  1.2264191055518812,
  1.2815495392457499,
  1.2945460979494698,
  1.2686911945718442,
  1.2672546024119813,
  1.2709088381146076,
  1.3064464617350338,
  1.2402588291063412,
  1.2352850975603893,
  1.2583816881946948,
  1.298108748419509,
  1.2887648556267741,
  1.2913543346423593,
  1.3029533749310622,
  1.327702182801125,
  1.292063299650023,
  1.2830555038317093,
  1.271193261167454,
  1.2769178960213832,
  1.2891722771217011,
  1.2624569394399383,
  1.324132881189315,
  1.313151816880528,
  1.4864447174673363,
  1.5704233568119765,
  1.5499075381345082,
  1.5331343153666437,
  1.6453263347375118,
  1.5799185106123192,
  1.7017452160427091,
  1.5836515361656334,
  1.536422742035433,
  1.5512093445957291,
  1.5375327399604868,
  1.547729747873125,
  1.5446345791234954,
  1.4868011153949758,
  1.5923790852746937,
  1.5523094252507215,
  1.5270506261760948,
  1.52226470930487,
  1.6734969679311047,
  1.7495125470440598,
  1.7648811282111414,
  1.9146648612607657,
  1.9803234505553389,
  1.9934379028520786,
  1.957539902089475,
  2.2365059596571824,
  1.8871352269924822,
  2.159583982193834,
  2.2252741903628372,
  2.3911035368151334,
  2.3841643691833783,
  2.3661706004714755,
  2.357474486621602,
  2.5535469724198117,
  2.768428333102914,
  2.6905541693668,
  2.9419639665108046,
  3.126127753960171,
  2.985546638782797,
  2.5485804138367616,
  2.6228160486688537,
  2.6086951599948582,
  2.797486733815594,
  2.73557642824144,
  2.7234729476881387,
  2.5949851439326594,
  3.0392091006924677,
  3.0723057204891138,
  3.1654141756757403,
  2.76020817253019,
  2.79386030039674,
  2.803789841355057,
  2.737428998209443,
  2.6900388039681076,
  2.7635722260686357,
  2.7885769312955384,
  2.7012442878384073,
  2.430049188260029,
  2.3927157139888466,
  2.3766253171751273,
  2.4196796773848157,
  2.3876565455103353,
  2.5414796846433427,
  2.537404226679931,
  2.522440269897363,
  2.655807744790829,
  2.578351760484406,
  2.4128131764829632,
  2.2512904217171266,
  2.2210811985489554,
  2.1791570946065013,
  2.1067677245658234,
  2.06946271781466,
  2.0716236658539398,
  2.2693157518097116,
  2.3092617789363064,
  2.2557481100432404,
  2.203706526584106,
  2.3042274728443717,
  2.3164419945820622,
  2.3276698009745354,
  2.0560883739039797,
  1.7831135775447797,
  1.7919883628250326,
  1.9393208883395052,
  1.9742556929183825,
  1.9433049742697832,
  1.9390663755690127,
  2.039364716549036,
  2.0479242745056125,
  2.0459420613962815,
  2.0346625024331213,
  1.9713352140354978,
  1.9713049407357337,
  1.9503022601478515,
  2.010931581501896,
  2.1402129451576966,
  2.303287100209499,
  2.2410543848785243,
  2.3990270909757574,
  2.4030076330372783,
  2.4270251584601183,
  2.4542300240222166,
  2.3961708361668275,
  2.4189619029391447,
  2.307607834941221,
  2.496068307872352,
  2.469407290992832,
  2.4963600271234676,
  2.464830722561127,
  2.490363507871779,
  2.4317238843762956,
  2.2883514821043938,
  2.2931365201055307,
  2.285837051488006,
  2.284330153251242,
  2.4012213629873433,
  2.3575747919047534,
  2.4203570902363074,
  2.376889174848224,
  2.3369052464357285,
  2.3381465185566146,
  2.326657923497863,
  2.3366334080778786,
  2.345305055383,
  2.385735456309443,
  2.256626732161695,
  2.3000376799501785,
  2.293786208392738,
  2.2783639628657837,
  2.3013556512696463,
  2.290076537626886,
  2.296438000581522,
  2.213869547997375,
  2.2672232222551556,
  2.2617052197396594,
  2.300072150317315,
  2.2295121571023357,
  2.3702705272866043,
  2.3477715189042487,
  2.425113361648974,
  2.236587365236246,
  2.21575075291393,
  2.1524398522107635,
  2.128555967306302,
  2.0845120951471254,
  2.119315251408859,
  2.2382002673396224,
  2.215446445521495,
  2.1530846893185713,
  2.2477074154516186,
  2.2290802418208804,
  2.1978602231562,
  2.2147127323766194,
  2.3203142396298753,
  2.362708277366892,
  2.309556542104005,
  2.250444343517586,
  2.4327024567773967,
  2.503989527820081,
  2.428704430819435,
  2.380860871250681,
  2.611107820753481,
  2.5934774950493344,
  2.5557718244159893,
  2.6085861263025034,
  2.557821777865557,
  2.5060266081666778,
  2.3919932480590367,
  2.5277028236294417,
  2.531382799070091,
  2.514970788784971,
  2.4695521978017285,
  2.373130041073075,
  2.44693749524547,
  2.263812722732146,
  2.3074342762282396,
  2.3353825042930945,
  2.438379242771104,
  2.3727571654353845,
  2.391413715975368,
  2.217550107461585,
  2.156697315018085,
  2.176134209803919,
  2.1737883502343336,
  2.2562067534855808,
  2.1675972924831584,
  2.1860095918249014,
  2.1722140089733086,
  2.243162474831078,
  2.2107981855308143,
  2.189059018575555,
  2.226302232699726,
  2.226526239313536,
  2.217131624509752,
  2.2624250740893204,
  2.16880448153773,
  2.2905465669879876,
  2.2875258846904605,
  2.282030479085639,
  2.286353612270804,
  2.302770319284126,
  2.190046487108353,
  2.1844956712660673,
  2.19210681512899,
  2.1976671304066944,
  2.260708305591583,
  2.192366255853978,
  2.084441113722732,
  2.107717618752829,
  2.0836754170364595,
  2.0734976094646074,
  2.0661850376990776,
  2.039741378456604,
  2.1423933896211484,
  2.2008382968171616,
  2.206420797458691,
  2.201754315232701,
  2.2424951756228824,
  2.26365428995532,
  2.2951054580520562,
  2.2196583100759915,
  2.0898771219774206,
  2.0662171365125483,
  2.1425202585236756,
  2.135728847634351,
  2.128928211587216,
  2.1204367068005503,
  2.2075097509700945,
  2.230818712839617,
  2.2431188270714912,
  2.3737826831299094,
  2.496877796324577,
  2.493202477228045,
  2.5027879292284356,
  2.4817491641182543,
  2.492868543364575,
  2.5312450736767493,
  2.507099116742812,
  2.6510112453581334,
  2.650051746032052,
  2.619298319263258,
  2.78729609274062,
  2.8836637547877664,
  2.906812232858543,
  2.8355020092918273,
  3.173590497750577,
  3.136028836400079,
  3.1530757085156216,
  2.84642869989389,
  2.7018442585584075,
  2.6759691956437295,
  2.6751546461468068,
  2.941055012218692,
  2.9434665588184212,
  2.9162095048244367,
  3.0310766823171065,
  3.0403617723582403,
  3.002202883529299,
  3.2261130717661124,
  3.27794796843377,
  3.259738252468742,
  3.21584906420679,
  3.4048644911099593,
  3.310343374129863,
  3.186928305061166,
  3.2460421959646206,
  3.0818466953491965,
  3.0904396319733936,
  3.1150834531509455,
  3.0654084801880304,
  3.0616372836270607,
  3.1773121618007587,
  3.3258409069436548,
  3.293257247240925,
  3.2832464800158454,
  2.919431515567501,
  3.330152270342069,
  3.5222540175696078,
  3.1494918337379656,
  3.2627604328149427,
  3.2498861705343307,
  3.268100023650009,
  3.294021418337147,
  3.289145823716722,
  3.6084303125389616,
  3.8872413477028736,
  3.121419427280893,
  3.298196246961615,
  3.339361862947117,
  3.3313029022628857,
  2.9865423311612425,
  2.649986101880142,
  2.792598963799509,
  2.8016513199752406,
  2.739960018832958,
  2.7687226013622115,
  2.7450787071683904,
  2.6661540228796916,
  2.614258648927973,
  2.7626624085365106,
  2.6884952427616566,
  2.6568862787421703,
  2.6568164819683107,
  2.5386991552921883,
  2.4396671615176433,
  2.539404616773049,
  2.6456823525724995,
  2.550633114529408,
  2.6207118514102796,
  2.622942611459327,
  2.5493653452503224,
  2.4529984931126356,
  2.31798646918726,
  2.2252232825719553,
  2.1320553667674744,
  2.372081877967639,
  2.385042133561902,
  2.4382022150595226,
  2.21795749530167,
  2.294513482463309,
  2.280115430881916,
  2.25047451149586,
  2.2152682206201617,
  2.1920114181666057,
  2.2019753660847026
]